0 0
1 3
2 4
4 10
6 16
7 17
8 19
9 20
11 23
13 26
16 30
18 33
20 36
21 37
23 40
24 41
26 44
29 48
31 51
32 52
34 55
37 59
39 62
40 63
42 66
43 67
45 70
46 71
48 74
51 78
54 82
56 85
58 88
60 91
61 92
63 95
65 98
68 102
70 105
72 108
73 109
75 112
76 113
78 116
79 117
81 120
82 121
84 124
85 125
87 128
89 131
90 132
92 135
94 138
95 139
97 142
98 143
100 146
101 147
103 150
106 154
108 157
111 161
113 164
114 165
116 168
117 169
119 172
121 175
123 178
126 182
128 185
130 188
133 192
135 195
137 198
138 199
140 202
142 205
144 208
145 209
147 212
149 215
151 218
153 221
155 224
156 225
158 228
160 231
162 234
164 237
166 240
168 243
169 244
171 247
173 250
175 253
177 256
178 257
180 260
182 263
184 266
186 269
187 270
189 273
191 276
193 279
195 282
197 285
198 286
199 288
200 289
201 291
202 292
204 295
206 298
207 299
208 301
209 302
211 305
213 308
214 309
215 311
216 312
218 315
220 318
221 319
223 322
225 325
226 326
227 328
228 329
230 332
232 335
234 338
235 339
237 342
239 345
241 348
243 351
245 354
247 357
249 360
251 363
253 366
255 369
257 372
259 375
261 378
264 383
266 386
268 389
270 392
272 395
274 398
275 400
277 403
278 404
280 407
282 410
284 413
285 414
287 417
289 420
292 424
294 427
297 431
299 434
301 437
304 441
306 444
308 447
311 451
313 454
315 457
316 458
318 461
320 464
322 467
323 468
325 471
327 474
328 475
329 477
330 478
332 481
334 484
335 485
337 488
339 491
340 492
341 494
342 495
344 498
346 501
347 502
349 505
351 508
353 511
354 512
356 515
358 518
359 519
361 522
363 525
364 526
366 529
369 533
371 536
373 539
376 543
378 546
379 547
381 550
384 554
386 557
387 558
389 561
391 564
392 565
394 568
397 572
399 575
400 576
402 579
405 583
407 586
409 589
410 590
412 593
414 596
416 599
417 600
419 603
421 606
423 609
426 613
428 616
430 619
433 623
435 626
438 630
440 633
442 636
445 640
447 643
450 647
452 650
453 651
455 654
456 655
458 658
459 659
461 662
462 663
464 666
465 667
467 670
469 673
470 674
472 677
473 678
475 681
476 682
478 685
481 689
483 692
484 693
486 696
489 700
492 704
494 707
495 708
497 711
498 712
500 715
502 718
503 719
505 722
506 723
508 726
510 729
511 730
513 733
516 737
519 741
522 745
525 749
528 753
531 757
534 761
535 762
537 765
539 768
541 771
542 772
544 775
546 778
547 779
549 782
551 785
552 786
554 789
557 793
559 796
560 797
562 800
564 803
565 804
567 807
568 808
570 811
572 814
573 815
574 817
575 818
577 821
578 822
580 825
582 828
585 832
587 835
590 839
592 842
595 846
597 849
598 850
600 853
601 854
603 857
605 860
607 863
608 864
610 867
612 870
613 871
615 874
618 878
620 881
622 884
623 885
625 888
627 891
629 894
630 895
632 898
634 901
635 902
637 905
640 909
643 913
645 916
647 919
648 920
650 923
652 926
653 927
655 930
657 933
658 934
660 937
662 940
663 941
665 944
667 947
668 948
670 951
673 955
675 958
676 959
678 962
681 966
683 969
684 970
686 973
688 976
691 980
693 983
696 987
698 990
699 991
701 994
703 997
704 998
706 1001
708 1004
709 1005
711 1008
712 1009
714 1012
717 1016
719 1019
720 1020
722 1023
725 1027
726 1028
728 1031
729 1032
731 1035
732 1036
735 1040
736 1041
738 1044
739 1045
741 1048
742 1049
745 1053
748 1057
749 1058
751 1061
752 1062
754 1065
755 1066
757 1069
758 1070
760 1073
761 1074
763 1077
764 1078
766 1081
771 1088
774 1092
777 1096
779 1099
780 1100
782 1103
783 1104
785 1107
787 1110
788 1111
791 1115
794 1119
796 1122
797 1123
799 1126
800 1127
802 1130
803 1131
805 1134
806 1135
808 1138
811 1142
814 1146
815 1147
817 1150
818 1151
820 1154
821 1155
823 1158
824 1159
826 1162
827 1163
829 1166
830 1167
832 1170
833 1171
835 1174
836 1175
838 1178
839 1179
841 1182
842 1183
844 1186
845 1187
847 1190
848 1191
850 1194
851 1195
853 1198
854 1199
856 1202
857 1203
859 1206
860 1207
862 1210
863 1211
865 1214
868 1218
871 1222
874 1226
875 1227
877 1230
878 1231
880 1234
883 1238
886 1242
889 1246
891 1249
892 1250
895 1254
897 1257
898 1258
900 1261
901 1262
903 1265
906 1269
909 1273
911 1276
912 1277
914 1280
915 1281
917 1284
918 1285
920 1288
923 1292
926 1296
928 1299
929 1300
931 1303
932 1304
934 1307
937 1311
939 1314
940 1315
942 1318
944 1321
947 1325
949 1328
950 1329
952 1332
953 1333
955 1336
957 1339
958 1340
960 1343
961 1344
963 1347
965 1350
966 1351
968 1354
971 1358
974 1362
976 1365
979 1369
981 1372
984 1376
986 1379
987 1380
989 1383
990 1384
992 1387
994 1390
995 1391
997 1394
999 1397
1000 1398
1002 1401
1005 1405
1008 1409
