0 0
1 2
3 5
4 7
6 12
7 14
9 17
10 19
11 20
12 22
13 24
14 25
15 27
16 29
17 30
18 32
20 37
21 39
22 41
25 46
26 48
27 50
29 53
30 55
31 57
33 60
34 62
35 64
37 67
38 69
39 71
41 74
42 76
45 81
46 83
47 85
48 87
50 90
51 92
53 95
54 97
55 99
57 102
58 104
59 106
62 111
63 113
66 118
67 120
68 122
71 127
72 129
73 131
75 134
76 136
77 138
78 140
79 142
81 145
82 147
83 149
84 151
85 153
86 155
88 158
89 160
91 164
93 167
94 169
97 174
98 176
100 180
101 181
102 183
103 185
104 187
106 190
108 194
109 196
111 199
112 201
113 203
116 208
117 210
118 212
121 217
122 219
123 221
126 226
127 228
130 233
131 235
132 237
133 239
135 242
136 244
137 246
138 248
141 253
142 255
143 257
146 262
147 264
148 266
151 271
152 273
153 275
154 277
156 280
157 282
158 284
159 286
160 288
162 291
163 293
164 295
167 300
168 302
169 304
172 309
173 311
174 313
175 315
177 318
178 320
179 322
180 324
183 329
184 331
185 333
188 338
189 340
190 342
192 345
193 347
194 349
195 351
196 353
198 356
199 358
200 360
203 365
204 367
207 372
208 374
209 376
211 379
214 385
215 387
218 392
219 394
220 396
221 398
223 401
224 403
226 406
227 408
229 411
230 413
231 415
233 418
234 420
236 423
237 425
238 427
240 430
241 432
243 435
244 437
245 439
247 442
248 444
250 447
251 449
253 452
254 454
255 456
257 459
258 461
259 463
261 466
262 468
264 471
265 473
267 476
268 478
270 481
271 483
273 486
274 488
275 490
276 491
277 493
279 496
280 498
283 503
286 508
287 510
288 511
289 513
291 516
292 518
294 521
295 523
296 524
297 526
298 528
299 529
300 531
302 534
303 536
305 539
306 541
308 544
309 546
311 549
313 552
314 554
315 556
317 559
318 561
321 566
323 569
324 571
325 573
327 576
328 578
329 579
330 581
331 583
333 586
335 589
336 591
338 594
339 596
342 601
343 603
345 606
346 608
348 611
349 613
351 616
353 619
354 621
356 624
357 626
359 629
360 631
361 633
362 634
363 636
364 638
366 641
367 643
368 645
370 648
371 650
373 653
374 655
377 660
378 662
380 665
381 667
382 669
384 672
385 674
386 676
388 679
389 681
392 686
393 688
394 690
396 693
397 695
399 698
400 700
401 702
405 709
406 711
407 713
409 716
410 718
411 720
413 723
414 725
415 727
418 732
419 734
422 739
423 741
424 743
426 746
427 748
428 750
430 753
431 755
432 757
433 759
435 762
436 764
437 766
438 768
441 773
442 775
443 777
446 782
447 784
448 786
451 791
452 793
453 795
455 798
456 800
457 802
460 807
461 809
462 811
463 812
464 814
465 816
466 818
468 821
469 823
470 825
471 827
473 830
474 832
475 834
477 837
478 839
479 841
480 843
482 846
483 848
484 850
487 855
488 857
491 862
492 864
494 867
495 869
496 871
499 876
500 878
503 883
504 885
505 887
507 890
508 892
510 895
511 897
512 899
514 902
515 904
518 909
519 911
520 913
523 918
524 920
525 922
528 927
529 929
530 931
533 936
534 938
535 940
536 942
539 947
540 949
541 951
543 954
544 956
545 958
546 960
548 963
549 965
550 967
553 972
554 974
555 976
558 981
559 983
560 985
561 987
566 996
567 998
568 1000
569 1002
570 1004
571 1006
576 1015
577 1017
578 1019
579 1021
580 1023
584 1030
585 1032
586 1034
587 1036
590 1041
591 1043
592 1045
593 1047
594 1049
595 1051
596 1053
598 1057
599 1059
600 1061
603 1066
604 1068
605 1070
606 1072
609 1077
610 1079
611 1081
613 1084
614 1086
617 1091
618 1093
620 1096
621 1098
624 1103
625 1105
627 1108
628 1110
629 1112
631 1115
632 1117
633 1119
635 1122
636 1124
639 1129
640 1131
642 1134
643 1136
646 1141
647 1143
649 1146
650 1148
651 1150
653 1153
654 1155
655 1157
657 1160
658 1162
659 1164
661 1167
662 1169
663 1171
664 1173
666 1176
667 1178
668 1180
671 1185
672 1187
673 1189
675 1192
676 1194
678 1197
679 1199
680 1201
683 1206
684 1208
687 1213
688 1215
689 1217
691 1220
692 1222
693 1224
694 1226
697 1231
698 1233
700 1236
701 1238
702 1240
703 1242
704 1243
705 1245
706 1247
710 1254
711 1256
714 1261
715 1263
716 1265
718 1268
719 1270
720 1272
722 1275
723 1277
726 1282
727 1284
728 1286
731 1291
732 1293
735 1298
736 1300
737 1302
738 1304
740 1307
741 1309
742 1311
745 1316
746 1318
747 1320
748 1322
750 1325
751 1327
753 1330
754 1332
757 1337
758 1339
760 1342
761 1344
763 1347
764 1349
767 1354
768 1356
770 1359
771 1361
772 1363
774 1366
775 1368
777 1371
778 1373
781 1378
782 1380
784 1383
785 1385
786 1387
788 1390
789 1392
791 1395
792 1397
794 1400
795 1402
796 1404
799 1409
800 1411
802 1414
803 1416
806 1421
807 1423
808 1425
810 1428
811 1430
812 1432
814 1435
815 1437
816 1439
818 1442
819 1444
821 1447
822 1449
824 1452
825 1454
828 1459
829 1461
830 1463
833 1468
834 1470
835 1472
836 1474
838 1477
839 1479
841 1482
842 1484
844 1487
845 1489
846 1491
848 1494
849 1496
852 1501
853 1503
855 1506
856 1508
858 1511
859 1513
862 1518
865 1523
866 1525
868 1528
869 1530
872 1535
873 1537
875 1540
876 1542
877 1544
879 1547
880 1549
882 1552
883 1554
884 1556
886 1559
887 1561
888 1563
890 1566
891 1568
892 1570
894 1573
895 1575
896 1577
898 1580
899 1582
900 1584
902 1587
903 1589
904 1591
905 1593
907 1596
908 1598
909 1600
912 1605
913 1607
916 1612
917 1614
918 1616
920 1619
921 1621
922 1623
925 1628
926 1630
927 1632
928 1634
931 1639
932 1641
933 1643
935 1646
936 1648
937 1650
938 1652
941 1657
942 1659
944 1662
945 1664
946 1666
948 1669
949 1671
950 1673
952 1676
953 1678
954 1680
956 1683
957 1685
959 1688
960 1690
961 1692
963 1695
964 1697
965 1699
967 1702
968 1704
971 1709
972 1711
973 1713
975 1716
976 1718
977 1720
979 1723
980 1725
981 1727
984 1732
985 1734
986 1736
988 1739
990 1743
991 1745
993 1749
995 1752
996 1754
997 1756
1000 1761
1001 1763
1002 1765
1003 1767
1006 1772
