0 0
1 6
2 13
3 21
4 35
5 42
6 49
7 56
8 62
9 68
11 82
13 96
14 104
15 112
16 121
17 130
20 156
22 166
23 168
25 173
26 175
27 177
28 180
30 185
31 187
32 189
33 191
35 196
36 198
38 203
39 205
40 208
41 210
42 212
44 217
45 219
46 221
47 223
48 225
49 227
50 229
52 234
53 236
54 238
55 240
56 242
57 244
58 246
59 248
60 250
61 252
62 254
63 256
64 258
65 260
66 262
67 264
68 266
69 268
74 278
76 282
77 285
78 287
79 289
80 291
81 293
82 295
83 297
87 304
88 306
89 308
90 310
91 312
92 314
95 319
96 321
97 323
98 325
99 327
103 334
104 336
105 338
106 340
107 342
108 344
109 346
110 348
112 351
113 353
114 355
115 357
116 359
120 366
121 368
122 370
123 372
124 374
125 376
128 381
129 383
130 385
131 387
132 389
133 391
137 398
138 400
139 402
140 404
141 406
142 408
143 410
145 414
148 419
149 421
150 423
151 425
152 427
153 429
157 436
158 438
159 440
160 442
161 444
162 446
163 448
166 453
169 459
170 461
171 463
172 465
173 467
174 469
175 471
176 473
177 475
178 477
180 480
181 482
182 484
183 486
184 488
186 491
187 493
188 495
189 497
192 502
193 504
194 506
197 511
198 513
199 515
202 520
203 522
204 524
207 529
208 531
209 533
210 535
211 537
213 540
214 542
215 544
216 546
218 549
219 551
220 553
222 556
223 558
224 560
226 563
227 565
228 567
229 569
231 572
232 574
233 576
235 579
236 581
237 583
239 586
240 588
241 590
242 592
244 595
245 597
246 599
248 602
249 604
250 606
252 609
253 611
254 613
255 615
257 618
258 620
259 622
262 627
263 629
264 631
266 634
267 636
268 638
269 640
272 645
273 647
274 649
277 654
278 656
279 658
280 660
282 663
283 665
284 667
285 669
287 672
288 674
289 676
290 678
291 680
293 683
294 685
295 687
296 689
297 691
300 696
301 698
302 700
303 702
304 704
307 709
308 711
309 713
310 715
314 722
315 724
316 726
317 728
318 730
319 732
322 737
323 739
324 741
325 743
326 745
329 750
330 752
331 754
332 756
333 758
337 765
338 767
339 769
340 771
341 773
345 780
346 782
347 784
348 786
349 788
350 790
352 793
353 795
354 797
355 799
356 801
358 804
359 806
360 808
361 810
362 812
364 815
365 817
366 819
367 821
370 826
371 828
372 830
373 832
374 834
376 837
377 839
378 841
379 843
380 845
382 848
383 850
384 852
385 854
387 857
388 859
389 861
390 863
391 865
394 870
395 872
396 874
397 876
399 879
400 881
401 883
402 885
403 887
406 892
407 894
408 896
409 898
410 900
411 902
413 906
415 910
418 915
419 917
420 919
421 921
422 923
423 925
427 932
428 934
429 936
430 938
431 940
432 942
433 944
434 946
438 953
439 955
440 957
441 959
442 961
443 963
444 965
445 967
446 969
448 973
449 975
454 984
456 988
457 990
459 994
460 996
461 998
462 1000
463 1002
464 1004
465 1006
466 1008
467 1010
468 1012
469 1014
470 1016
471 1018
472 1020
474 1023
475 1025
476 1027
477 1029
478 1031
480 1034
481 1036
482 1038
485 1043
486 1045
487 1047
488 1049
489 1051
493 1058
494 1060
495 1062
496 1064
499 1069
500 1071
501 1073
502 1075
505 1080
506 1082
507 1084
508 1086
509 1088
512 1093
513 1095
514 1097
515 1099
518 1104
519 1106
520 1108
521 1110
523 1113
524 1115
525 1117
526 1119
527 1121
529 1124
530 1126
531 1128
532 1130
535 1135
536 1137
537 1139
538 1141
540 1144
541 1146
542 1148
543 1150
546 1155
547 1157
548 1159
549 1161
550 1163
553 1168
554 1170
555 1172
556 1174
559 1179
560 1181
561 1183
562 1185
565 1190
566 1192
567 1194
568 1196
571 1201
572 1203
573 1205
574 1207
575 1209
577 1212
578 1214
579 1216
580 1218
582 1221
583 1223
584 1225
585 1227
586 1228
587 1230
588 1232
589 1234
590 1236
592 1239
593 1241
594 1243
595 1245
597 1248
598 1250
599 1252
600 1254
603 1259
604 1261
605 1263
606 1265
607 1267
609 1270
610 1272
611 1274
614 1279
615 1281
616 1283
619 1288
620 1290
621 1292
623 1295
624 1297
625 1299
626 1301
629 1306
630 1308
631 1310
632 1312
633 1314
636 1319
637 1321
638 1323
639 1325
641 1328
642 1330
643 1332
644 1334
645 1336
647 1339
648 1341
649 1343
650 1345
651 1347
652 1349
653 1351
655 1355
658 1360
659 1362
660 1364
661 1366
662 1368
663 1370
666 1375
667 1377
668 1379
669 1381
670 1383
674 1390
675 1392
676 1394
677 1396
678 1398
681 1403
682 1405
683 1407
684 1409
685 1411
688 1416
689 1418
690 1420
691 1422
692 1424
694 1427
695 1429
696 1431
698 1434
699 1436
700 1438
701 1440
703 1443
704 1445
705 1447
706 1449
708 1452
709 1454
710 1456
713 1461
714 1463
715 1465
716 1467
717 1469
718 1471
720 1474
721 1476
722 1478
723 1480
726 1485
727 1487
728 1489
731 1494
732 1496
733 1498
736 1503
737 1505
738 1507
739 1509
740 1511
743 1516
744 1518
745 1520
746 1522
747 1523
748 1525
749 1527
750 1529
751 1531
753 1534
754 1536
755 1538
757 1541
758 1543
759 1545
760 1547
761 1549
763 1552
764 1554
765 1556
766 1558
768 1561
769 1563
770 1565
771 1567
774 1572
775 1574
776 1576
777 1578
778 1580
780 1583
781 1585
782 1587
783 1589
786 1594
787 1596
788 1598
789 1600
792 1605
793 1607
794 1609
795 1611
798 1616
799 1618
800 1620
801 1622
802 1624
803 1626
804 1628
806 1631
807 1633
808 1635
809 1637
811 1640
812 1642
813 1644
814 1646
816 1649
817 1651
818 1653
819 1655
822 1660
823 1662
824 1664
826 1667
827 1669
828 1671
829 1673
831 1676
832 1678
833 1680
834 1682
836 1685
837 1687
838 1689
839 1691
842 1696
843 1698
844 1700
847 1705
848 1707
849 1709
851 1712
852 1714
853 1716
854 1718
857 1723
858 1725
859 1727
860 1729
862 1732
863 1734
864 1736
867 1741
868 1743
869 1745
871 1748
872 1750
873 1752
874 1754
876 1757
877 1759
878 1761
879 1763
880 1765
882 1768
883 1770
884 1772
885 1774
888 1779
889 1781
890 1783
891 1785
895 1792
896 1794
897 1796
899 1800
901 1803
902 1805
903 1807
904 1809
906 1812
907 1814
908 1816
909 1818
910 1820
913 1825
914 1827
917 1833
918 1835
919 1837
920 1839
921 1841
923 1844
924 1846
925 1848
926 1850
927 1852
929 1855
930 1857
931 1859
932 1861
933 1863
935 1866
936 1868
937 1870
938 1872
939 1874
942 1879
943 1881
944 1883
947 1888
948 1890
949 1892
950 1894
951 1896
953 1899
954 1901
955 1903
956 1905
957 1907
960 1912
961 1914
962 1916
963 1918
964 1920
965 1922
969 1929
970 1931
971 1933
972 1935
973 1937
976 1942
977 1944
978 1946
979 1948
980 1950
981 1952
983 1956
985 1959
987 1963
988 1965
989 1967
990 1969
991 1971
992 1973
993 1975
994 1977
997 1982
998 1984
999 1986
1000 1988
1001 1990
1002 1992
1003 1994
1006 1999
1007 2001
1008 2003
