0 0
1 2
2 4
3 6
4 9
5 15
7 21
8 23
9 25
10 27
11 29
12 31
13 33
17 40
18 42
19 44
20 46
21 48
22 50
23 52
24 54
25 56
26 58
29 63
30 65
31 67
32 69
33 71
34 73
35 75
36 77
38 80
39 82
40 84
41 86
42 88
45 93
46 95
47 97
48 99
49 101
50 103
51 105
52 107
53 109
54 111
57 116
58 118
60 122
61 124
62 126
63 128
64 130
67 135
68 137
69 139
70 141
71 143
72 145
73 147
75 150
76 152
77 154
78 156
79 158
80 160
84 167
85 169
86 171
87 173
88 175
89 177
90 179
91 181
92 183
93 185
94 187
95 189
96 191
97 193
102 202
103 204
104 206
105 208
106 210
107 212
108 214
109 216
110 218
111 220
112 222
113 224
114 226
115 228
116 230
117 232
118 234
119 236
120 238
121 240
122 242
123 244
124 246
125 248
126 250
127 252
128 254
129 256
130 258
131 260
132 262
133 264
134 266
135 268
136 270
137 272
138 274
139 276
140 278
141 280
142 282
149 295
150 297
151 299
152 301
153 303
154 305
155 307
156 309
157 311
161 318
162 320
163 322
164 324
165 326
166 328
168 332
171 337
172 339
173 341
174 343
175 345
176 347
177 349
181 356
182 358
183 360
184 362
185 364
186 366
187 368
189 371
190 373
191 375
192 387
193 389
194 391
195 393
196 395
198 398
199 400
200 402
201 404
202 406
205 411
206 413
207 415
208 417
209 419
213 426
214 428
215 430
216 432
217 434
220 439
221 441
222 443
223 445
224 447
226 450
227 452
228 454
229 456
231 459
232 461
233 463
234 465
235 467
237 470
238 472
239 474
240 476
242 479
243 481
244 483
245 485
247 488
248 490
249 492
250 494
251 496
254 501
255 503
256 505
257 507
260 512
261 514
262 516
263 518
265 521
266 523
267 525
268 527
269 529
270 531
273 536
274 538
275 540
276 542
277 544
278 546
280 549
281 551
282 553
283 555
284 557
286 560
287 562
288 564
289 566
290 568
294 575
295 577
296 579
297 581
298 583
299 585
301 588
302 590
303 592
304 594
305 596
306 598
308 601
310 605
311 607
312 609
313 611
315 615
319 622
320 624
321 626
322 628
323 630
325 633
326 635
327 637
328 639
331 644
332 646
333 648
334 650
336 654
339 659
340 661
341 663
342 665
343 667
345 670
346 672
347 674
348 676
350 679
351 681
352 683
353 685
357 692
358 694
359 696
360 698
362 701
363 703
364 705
365 707
366 709
367 711
369 714
370 716
371 718
372 720
374 723
375 725
376 727
377 729
378 731
381 736
383 740
384 742
385 744
388 749
389 751
390 753
391 755
393 758
394 760
395 762
396 764
398 767
399 769
400 771
401 773
404 778
405 780
406 782
407 784
410 789
411 791
412 793
413 795
414 797
416 800
417 802
418 804
419 806
420 808
422 811
423 813
424 815
425 817
428 822
429 824
430 826
431 828
434 833
435 835
436 837
437 839
438 841
441 846
442 848
443 850
444 852
445 854
446 856
450 863
451 865
452 867
453 869
454 871
455 873
456 875
457 877
458 879
459 881
460 883
461 885
462 887
463 889
469 900
470 902
471 904
472 906
473 908
474 910
475 912
476 914
477 916
478 918
479 920
483 927
484 929
485 931
486 933
487 935
488 937
489 939
491 943
495 950
496 952
497 954
498 956
501 961
502 963
503 965
504 967
505 969
507 972
509 976
510 978
511 980
516 989
517 991
518 993
519 995
523 1002
524 1004
525 1006
526 1008
529 1013
530 1015
531 1017
532 1019
533 1021
536 1026
537 1028
538 1030
541 1035
542 1037
543 1039
544 1041
545 1043
546 1045
548 1048
549 1050
550 1052
551 1054
555 1061
556 1063
557 1065
558 1067
561 1072
562 1074
563 1076
564 1078
567 1083
568 1085
569 1087
570 1089
571 1091
573 1094
574 1096
575 1098
576 1100
577 1102
580 1107
581 1109
582 1111
583 1113
584 1115
587 1120
588 1122
589 1124
592 1129
593 1131
594 1133
595 1135
597 1138
598 1140
599 1142
600 1144
601 1146
603 1149
604 1151
605 1153
607 1156
608 1158
609 1160
611 1163
612 1165
613 1167
614 1169
616 1172
617 1174
620 1179
621 1181
622 1183
624 1186
625 1188
626 1190
629 1195
630 1197
631 1199
633 1202
634 1204
635 1206
636 1208
637 1210
639 1213
640 1215
641 1217
643 1220
644 1222
645 1224
646 1226
648 1229
649 1231
650 1233
652 1236
653 1238
654 1240
655 1242
658 1247
659 1249
660 1251
662 1254
663 1256
664 1258
666 1261
667 1263
668 1265
669 1267
672 1272
673 1274
674 1276
675 1278
677 1281
678 1283
679 1285
680 1287
682 1290
683 1292
684 1294
685 1296
688 1301
689 1303
690 1305
691 1307
693 1310
694 1312
695 1314
696 1316
697 1318
698 1320
701 1325
702 1327
703 1329
704 1331
705 1333
708 1338
709 1340
710 1342
711 1344
712 1346
713 1348
714 1350
715 1352
716 1354
719 1359
720 1361
721 1363
722 1365
723 1367
724 1369
727 1374
729 1378
730 1380
731 1382
732 1384
735 1389
736 1391
737 1393
738 1395
741 1400
742 1402
743 1404
746 1409
747 1411
748 1413
750 1416
751 1418
752 1420
753 1422
755 1425
756 1427
757 1429
759 1432
760 1434
761 1436
764 1441
765 1443
766 1445
769 1450
770 1452
771 1454
773 1457
774 1459
775 1461
777 1464
778 1466
779 1468
782 1473
783 1475
784 1477
786 1480
787 1482
788 1484
790 1487
791 1489
792 1491
794 1494
795 1496
796 1498
797 1500
798 1502
800 1505
801 1507
802 1509
804 1512
805 1514
806 1516
808 1519
809 1521
810 1523
811 1525
813 1528
814 1530
815 1532
817 1535
818 1537
819 1539
820 1541
822 1544
823 1546
824 1548
827 1553
828 1555
829 1557
831 1560
832 1562
833 1564
835 1567
836 1569
837 1571
840 1576
841 1578
842 1580
843 1581
844 1583
845 1585
848 1590
849 1592
851 1595
852 1597
853 1599
855 1602
856 1604
857 1606
858 1608
859 1609
860 1611
861 1613
862 1615
864 1618
865 1620
866 1622
868 1625
869 1627
870 1629
872 1632
873 1634
874 1636
877 1641
878 1643
879 1645
881 1648
882 1650
883 1652
886 1657
887 1659
888 1661
891 1666
892 1668
893 1670
895 1673
896 1675
897 1677
900 1682
901 1684
902 1686
903 1688
905 1691
906 1693
907 1695
908 1697
911 1702
912 1704
913 1706
915 1709
916 1711
917 1713
918 1715
919 1717
920 1719
922 1722
923 1724
924 1726
926 1729
927 1731
928 1733
931 1738
932 1740
933 1742
934 1744
936 1747
937 1749
938 1751
939 1753
940 1755
941 1757
944 1762
945 1764
946 1766
949 1771
950 1773
951 1775
952 1777
953 1779
956 1784
957 1786
958 1788
959 1790
960 1792
961 1794
962 1796
963 1798
965 1801
966 1803
967 1805
968 1807
969 1809
972 1814
973 1816
974 1818
975 1820
978 1825
979 1827
980 1829
981 1831
982 1833
983 1835
984 1837
986 1840
987 1842
988 1844
989 1846
990 1848
991 1850
992 1852
997 1861
998 1863
999 1865
1000 1867
1001 1869
1002 1871
1003 1873
1005 1876
1006 1878
1007 1880
