0 0
1 2
2 4
3 6
4 9
5 15
7 21
8 23
9 25
10 27
11 29
12 31
13 33
17 40
18 42
19 44
20 46
21 48
22 50
23 52
24 54
25 56
26 58
29 63
30 65
31 67
32 69
33 71
34 73
35 75
36 77
38 80
39 82
40 84
41 86
42 88
45 93
46 95
47 97
48 99
49 101
50 103
51 105
52 107
53 109
54 111
57 116
58 118
60 122
61 124
62 126
63 128
64 130
67 135
68 137
69 139
70 141
71 143
72 145
73 147
75 150
76 152
77 154
78 156
79 158
80 160
84 167
85 169
86 171
87 173
88 175
89 177
90 179
91 181
92 183
93 185
94 187
95 189
96 191
97 193
102 202
103 204
104 206
105 208
106 210
107 212
108 214
109 216
110 218
111 220
112 222
113 224
114 226
115 228
116 230
117 232
118 234
119 236
120 238
121 240
122 242
123 244
124 246
125 248
126 250
127 252
128 254
129 256
130 258
131 260
132 262
133 264
134 266
135 268
136 270
137 272
138 274
139 276
140 278
141 280
142 282
149 295
150 297
151 299
152 301
153 303
154 305
155 307
156 309
157 311
161 318
162 320
163 322
164 324
165 326
166 328
168 332
171 337
172 339
173 341
174 343
175 345
176 347
177 349
181 356
182 358
183 360
184 362
185 364
186 366
187 368
189 371
190 373
191 375
192 387
193 389
194 391
195 393
196 395
198 398
199 400
200 402
201 404
202 406
205 411
206 413
207 415
208 417
209 419
213 426
243 483
244 485
246 488
247 490
248 492
249 494
250 496
253 501
254 503
255 505
256 507
259 512
260 514
261 516
262 518
264 521
265 523
266 525
267 527
268 529
269 531
272 536
273 538
274 540
275 542
276 544
277 546
279 549
280 551
281 553
282 555
283 557
285 560
286 562
287 564
288 566
289 568
293 575
294 577
295 579
296 581
297 583
298 585
300 588
301 590
302 592
303 594
304 596
305 598
307 601
309 605
310 607
311 609
312 611
314 615
318 622
319 624
320 626
321 628
322 630
324 633
325 635
326 637
327 639
330 644
331 646
332 648
333 650
335 654
338 659
339 661
340 663
341 665
342 667
344 670
345 672
346 674
347 676
349 679
350 681
351 683
352 685
356 692
357 694
358 696
359 698
361 701
362 703
363 705
364 707
365 709
366 711
368 714
369 716
370 718
371 720
373 723
374 725
375 727
376 729
377 731
380 736
382 740
383 742
384 744
387 749
388 751
389 753
390 755
392 758
393 760
394 762
395 764
397 767
398 769
399 771
400 773
403 778
404 780
405 782
406 784
409 789
410 791
411 793
412 795
413 797
415 800
416 802
417 804
418 806
419 808
421 811
422 813
423 815
424 817
427 822
428 824
429 826
430 828
433 833
434 835
435 837
436 839
437 841
440 846
441 848
442 850
443 852
444 854
445 856
449 863
450 865
451 867
452 869
453 871
454 873
455 875
456 877
457 879
458 881
459 883
460 885
461 887
462 889
468 900
469 902
470 904
471 906
472 908
473 910
474 912
475 914
476 916
477 918
478 920
482 927
483 929
484 931
485 933
486 935
487 937
488 939
490 943
494 950
495 952
496 954
497 956
500 961
501 963
502 965
503 967
504 969
506 972
508 976
509 978
510 980
515 989
516 991
517 993
518 995
522 1002
523 1004
524 1006
525 1008
528 1013
529 1015
530 1017
531 1019
532 1021
535 1026
536 1028
537 1030
540 1035
541 1037
542 1039
543 1041
544 1043
545 1045
547 1048
548 1050
549 1052
550 1054
554 1061
555 1063
556 1065
557 1067
560 1072
561 1074
562 1076
563 1078
566 1083
567 1085
568 1087
569 1089
570 1091
572 1094
573 1096
574 1098
575 1100
576 1102
579 1107
580 1109
581 1111
582 1113
583 1115
586 1120
587 1122
588 1124
591 1129
592 1131
623 1188
624 1190
627 1195
628 1197
629 1199
631 1202
632 1204
633 1206
634 1208
635 1210
637 1213
638 1215
639 1217
641 1220
642 1222
643 1224
644 1226
646 1229
647 1231
648 1233
650 1236
651 1238
652 1240
653 1242
656 1247
657 1249
658 1251
660 1254
661 1256
662 1258
664 1261
665 1263
666 1265
667 1267
670 1272
671 1274
672 1276
673 1278
675 1281
676 1283
677 1285
678 1287
680 1290
681 1292
682 1294
683 1296
686 1301
687 1303
688 1305
689 1307
691 1310
692 1312
693 1314
694 1316
695 1318
696 1320
699 1325
700 1327
701 1329
702 1331
703 1333
706 1338
707 1340
708 1342
709 1344
710 1346
711 1348
712 1350
713 1352
714 1354
717 1359
718 1361
719 1363
720 1365
721 1367
722 1369
725 1374
727 1378
728 1380
729 1382
730 1384
733 1389
734 1391
735 1393
736 1395
739 1400
740 1402
741 1404
744 1409
745 1411
746 1413
748 1416
749 1418
750 1420
751 1422
753 1425
754 1427
755 1429
757 1432
758 1434
759 1436
762 1441
763 1443
764 1445
767 1450
768 1452
769 1454
771 1457
772 1459
773 1461
775 1464
776 1466
777 1468
780 1473
781 1475
782 1477
784 1480
785 1482
786 1484
788 1487
789 1489
790 1491
792 1494
793 1496
794 1498
795 1500
796 1502
798 1505
799 1507
800 1509
802 1512
803 1514
804 1516
806 1519
807 1521
808 1523
809 1525
811 1528
812 1530
813 1532
815 1535
816 1537
817 1539
818 1541
820 1544
821 1546
822 1548
825 1553
826 1555
827 1557
829 1560
830 1562
831 1564
833 1567
834 1569
835 1571
838 1576
839 1578
840 1580
841 1581
842 1583
843 1585
846 1590
847 1592
849 1595
850 1597
851 1599
853 1602
854 1604
855 1606
856 1608
857 1609
858 1611
859 1613
860 1615
862 1618
863 1620
864 1622
866 1625
867 1627
868 1629
870 1632
871 1634
872 1636
875 1641
876 1643
877 1645
879 1648
880 1650
881 1652
884 1657
885 1659
886 1661
889 1666
890 1668
891 1670
893 1673
894 1675
895 1677
898 1682
899 1684
900 1686
901 1688
903 1691
904 1693
905 1695
906 1697
909 1702
910 1704
911 1706
913 1709
914 1711
915 1713
916 1715
917 1717
918 1719
920 1722
921 1724
922 1726
924 1729
925 1731
926 1733
929 1738
930 1740
931 1742
932 1744
934 1747
935 1749
936 1751
937 1753
938 1755
939 1757
942 1762
943 1764
944 1766
947 1771
948 1773
949 1775
950 1777
951 1779
954 1784
955 1786
956 1788
957 1790
958 1792
959 1794
960 1796
961 1798
963 1801
964 1803
965 1805
966 1807
967 1809
970 1814
971 1816
972 1818
973 1820
976 1825
977 1827
978 1829
979 1831
980 1833
981 1835
982 1837
984 1840
985 1842
986 1844
987 1846
988 1848
989 1850
990 1852
995 1861
996 1863
997 1865
998 1867
999 1869
1000 1871
1001 1873
1003 1876
1004 1878
1005 1880
