0 0
1 2
3 8
6 18
7 20
10 25
11 27
12 29
13 31
17 38
18 40
19 42
22 47
23 49
24 51
26 54
27 56
28 58
30 61
31 63
32 65
33 67
36 72
38 75
39 77
42 82
44 85
45 87
48 92
51 97
52 99
54 102
56 105
57 107
60 112
61 114
63 117
64 119
66 122
67 124
69 127
70 129
72 132
73 134
75 137
76 139
77 141
79 144
80 146
82 149
83 151
85 154
86 156
87 158
89 161
90 163
92 166
93 168
95 171
96 173
97 175
99 178
100 180
102 183
103 185
105 188
106 190
108 193
109 195
110 197
112 200
113 202
115 205
116 207
119 212
120 214
122 217
123 219
124 221
126 224
127 226
128 228
130 231
131 233
134 238
135 240
138 245
139 247
141 250
142 252
145 257
146 259
148 262
149 264
152 269
153 271
155 274
156 276
157 278
158 280
161 285
162 287
164 290
165 292
166 294
168 297
169 299
172 304
173 306
174 308
177 313
178 315
179 317
182 322
183 324
184 326
186 329
187 331
188 333
190 336
191 338
194 343
195 345
198 350
199 352
202 357
203 359
204 361
207 366
208 368
212 375
213 377
214 379
216 382
217 384
218 386
219 388
222 393
223 395
224 397
225 399
227 402
228 404
229 406
232 411
233 413
234 415
235 417
237 420
238 422
241 427
242 429
245 434
246 436
247 438
250 443
251 445
253 448
254 450
255 452
257 455
258 457
259 459
261 462
262 464
264 467
265 469
266 471
268 474
269 476
271 479
272 481
273 483
275 486
276 488
277 490
280 495
281 497
282 499
285 504
286 506
287 508
289 511
290 513
291 515
292 517
294 520
295 522
297 525
298 527
300 530
301 532
302 534
304 537
305 539
307 542
308 544
310 547
311 549
313 552
314 554
316 557
317 559
319 562
320 564
322 567
323 569
325 572
326 574
328 577
329 579
331 582
332 584
334 587
335 589
337 592
338 594
341 599
342 601
344 604
345 606
347 609
348 611
350 614
351 616
353 619
354 621
356 624
357 626
359 629
360 631
363 636
366 641
368 644
369 646
371 649
372 651
374 654
375 656
377 659
378 661
380 664
381 666
382 667
383 669
385 672
386 674
388 677
389 679
391 682
393 685
394 687
396 690
397 692
399 695
400 697
402 700
403 702
405 705
407 708
408 710
410 713
411 715
413 718
415 721
416 723
418 726
419 728
421 731
422 733
424 736
426 739
427 741
429 744
431 747
432 749
434 752
436 755
437 757
439 760
441 763
442 765
444 768
445 770
447 773
449 776
450 778
452 781
453 783
455 786
456 788
457 789
458 791
460 794
461 796
463 799
464 801
466 804
468 807
469 809
471 812
473 815
474 817
476 820
478 823
479 825
481 828
483 831
484 833
485 834
486 836
488 839
490 842
491 844
493 847
494 849
497 854
498 856
499 857
500 859
502 862
503 864
505 867
506 869
508 872
509 874
511 877
514 882
515 884
517 887
519 890
520 892
522 895
523 897
525 900
526 902
527 903
528 905
530 908
532 911
533 913
535 916
536 918
538 921
540 924
541 926
542 928
543 929
544 931
546 934
547 936
549 939
550 941
552 944
553 946
554 947
555 949
557 952
558 954
559 955
560 957
562 960
563 962
564 963
565 965
567 968
568 970
569 971
570 973
573 978
575 981
576 983
578 986
579 988
581 991
582 993
585 998
586 1000
588 1003
590 1006
591 1008
593 1011
594 1013
595 1014
596 1016
598 1019
599 1021
601 1024
602 1026
603 1027
604 1029
605 1031
607 1034
608 1036
610 1039
611 1041
613 1044
615 1047
616 1049
618 1052
619 1054
621 1057
624 1062
627 1067
629 1070
630 1072
632 1075
633 1077
635 1080
637 1083
638 1085
640 1088
641 1090
643 1093
644 1095
646 1098
647 1100
649 1103
650 1105
652 1108
653 1110
655 1113
656 1115
657 1116
658 1118
659 1120
661 1123
662 1125
664 1128
665 1130
667 1133
669 1136
670 1138
673 1143
676 1148
677 1150
679 1153
680 1155
682 1158
683 1160
684 1162
687 1167
690 1172
691 1174
694 1179
695 1181
697 1184
698 1186
699 1188
702 1193
703 1195
705 1198
706 1200
707 1202
709 1205
710 1207
712 1210
713 1212
714 1214
716 1217
717 1219
718 1220
719 1222
722 1227
723 1229
725 1232
726 1234
728 1237
729 1239
732 1244
733 1246
735 1249
738 1254
741 1259
742 1261
744 1264
745 1266
747 1269
748 1271
750 1274
751 1276
753 1279
756 1284
757 1286
759 1289
760 1291
761 1293
763 1296
764 1298
766 1301
767 1303
769 1306
771 1309
772 1311
774 1314
775 1316
777 1319
778 1321
780 1324
781 1326
783 1329
784 1331
786 1334
787 1336
789 1339
790 1341
792 1344
793 1346
795 1349
796 1351
798 1354
799 1356
801 1359
802 1361
804 1364
805 1366
808 1371
811 1376
812 1378
814 1381
815 1383
816 1385
818 1388
819 1390
821 1393
822 1395
823 1397
826 1402
827 1404
829 1407
830 1409
831 1411
833 1414
834 1416
836 1419
837 1421
838 1423
840 1426
841 1428
844 1433
845 1435
847 1438
849 1441
850 1443
852 1446
853 1448
855 1451
856 1453
858 1456
859 1458
861 1461
862 1463
864 1466
865 1468
867 1471
868 1473
869 1474
870 1476
873 1481
875 1484
876 1486
877 1488
879 1491
880 1493
882 1496
885 1501
886 1503
887 1504
888 1506
890 1509
891 1511
893 1514
894 1516
897 1521
898 1523
900 1526
901 1528
903 1531
904 1533
906 1536
907 1538
909 1541
910 1543
912 1546
913 1548
916 1553
917 1555
920 1560
921 1562
923 1565
924 1567
926 1570
927 1572
929 1575
931 1578
932 1580
934 1583
935 1585
937 1588
938 1590
940 1593
941 1595
943 1598
944 1600
946 1603
947 1605
949 1608
950 1610
952 1613
953 1615
955 1618
956 1620
959 1625
962 1630
963 1632
965 1635
966 1637
968 1640
969 1642
970 1644
972 1647
973 1649
975 1652
976 1654
977 1656
978 1657
979 1659
980 1661
982 1664
983 1666
985 1669
986 1671
988 1674
989 1676
990 1678
992 1681
993 1683
995 1686
996 1688
998 1691
999 1693
1001 1696
1002 1698
1004 1701
1007 1706
