0 0
1 2
2 4
4 10
5 14
10 30
11 32
12 34
13 36
14 38
18 47
19 49
20 51
21 53
22 55
23 57
24 60
25 62
26 64
27 66
28 68
29 70
30 72
31 74
32 76
33 78
34 80
35 82
36 84
40 91
41 93
42 95
43 97
44 99
45 101
46 103
47 105
48 107
49 109
50 111
51 113
52 115
53 117
54 119
55 121
56 123
57 125
65 140
68 146
77 164
79 168
80 170
92 195
93 197
94 199
95 201
96 203
97 205
98 207
99 209
100 211
101 213
102 215
103 217
104 219
105 221
106 223
108 227
109 230
110 232
111 234
112 236
113 238
114 240
115 242
116 244
117 246
118 248
125 263
126 265
127 267
128 269
129 271
130 273
131 275
132 277
133 279
134 281
135 283
136 285
137 287
138 289
141 296
142 298
143 300
144 302
145 304
146 306
147 308
148 310
149 312
150 314
151 316
152 318
153 320
154 322
155 324
156 326
157 328
158 330
159 332
160 334
161 336
162 338
163 340
164 342
165 344
166 346
167 348
168 350
169 352
170 354
171 356
175 364
179 371
180 373
181 375
182 377
183 379
184 381
185 383
186 385
188 389
191 394
192 396
193 398
194 400
195 402
196 404
197 406
199 409
200 411
201 413
202 415
203 417
204 419
205 421
207 424
208 426
209 428
210 430
211 432
212 434
213 436
214 438
215 440
216 442
219 447
221 451
222 453
223 455
224 457
225 459
226 461
227 463
228 465
230 469
233 474
234 476
236 480
237 482
238 484
239 486
240 488
241 490
242 492
243 494
244 496
245 498
246 500
247 502
248 504
252 511
253 513
254 515
255 517
256 519
257 521
258 523
261 528
262 530
263 532
264 534
265 536
267 539
268 541
269 543
270 545
271 547
272 549
273 551
274 553
277 558
279 562
280 564
281 566
282 568
283 570
284 572
285 574
286 576
287 578
288 580
289 582
291 586
292 588
295 593
297 597
299 601
300 603
301 605
302 607
303 609
304 611
305 613
306 615
307 617
308 619
309 621
310 623
311 625
312 627
313 629
314 631
315 633
316 635
317 637
318 639
319 641
320 643
321 645
322 647
323 649
324 651
325 653
326 655
327 657
328 659
329 661
330 663
331 665
332 667
333 669
334 671
335 673
336 675
337 677
339 681
340 683
345 692
346 694
347 696
348 698
349 700
350 702
351 704
352 706
353 708
354 710
355 712
356 714
357 716
358 718
359 720
360 722
361 724
362 726
363 728
364 730
365 732
366 734
367 736
368 738
369 740
370 742
371 744
372 746
373 748
374 750
375 752
376 754
377 756
378 758
379 760
380 762
381 764
382 766
383 768
384 770
385 772
386 774
387 776
388 778
389 780
390 782
391 784
392 786
393 788
394 790
395 792
396 794
397 796
398 798
399 800
400 802
401 804
402 806
403 808
404 810
405 812
406 814
407 816
408 818
409 820
410 822
411 824
412 826
413 828
414 830
415 832
416 834
417 836
418 838
419 840
420 842
421 844
422 846
423 848
424 850
425 852
428 859
429 861
431 865
432 867
433 869
434 871
435 873
436 875
437 877
438 879
439 881
440 883
441 885
447 898
448 900
449 902
450 904
451 906
452 908
453 910
454 912
455 914
457 918
458 920
459 922
460 924
461 926
462 928
463 930
464 932
465 934
466 936
467 938
468 940
469 942
470 944
471 946
472 948
473 950
474 952
475 954
476 956
480 963
481 965
482 967
483 969
484 971
485 973
486 975
487 977
488 979
489 981
490 983
491 985
492 987
493 989
494 991
500 1002
501 1004
502 1006
503 1008
504 1010
505 1012
506 1014
507 1016
508 1018
509 1020
510 1022
511 1024
512 1026
513 1028
514 1030
518 1037
519 1039
520 1041
521 1043
522 1045
523 1047
524 1049
525 1051
526 1053
530 1060
531 1062
532 1064
533 1066
534 1068
535 1070
536 1072
537 1074
538 1076
539 1078
543 1085
544 1087
545 1089
546 1091
547 1093
548 1095
549 1097
554 1106
555 1108
556 1110
557 1112
558 1114
559 1116
560 1118
561 1120
562 1122
563 1124
564 1126
565 1128
566 1130
567 1132
568 1134
569 1136
570 1138
571 1140
572 1142
573 1144
574 1146
575 1148
578 1153
579 1155
580 1157
581 1159
582 1161
583 1163
584 1165
585 1167
591 1178
592 1180
593 1182
594 1184
595 1186
596 1188
597 1190
598 1192
599 1194
600 1196
601 1198
602 1200
603 1202
604 1204
605 1206
606 1208
607 1210
608 1212
614 1223
615 1225
616 1227
617 1229
618 1231
619 1233
620 1235
621 1237
622 1239
623 1241
624 1243
625 1245
626 1247
627 1249
628 1251
629 1253
630 1255
636 1266
641 1276
643 1280
651 1297
652 1299
653 1301
654 1303
655 1305
656 1307
657 1309
658 1311
659 1313
660 1315
661 1317
662 1319
663 1321
666 1327
668 1331
669 1333
674 1343
675 1345
678 1351
680 1355
684 1362
685 1364
686 1366
687 1368
688 1370
689 1372
690 1374
691 1376
692 1378
693 1380
697 1387
698 1389
699 1391
700 1393
701 1395
702 1397
703 1399
704 1401
705 1403
706 1405
707 1407
719 1430
720 1432
721 1434
722 1436
723 1438
724 1440
725 1442
726 1444
727 1446
728 1448
729 1450
730 1452
731 1454
732 1456
733 1458
734 1460
735 1462
739 1469
740 1471
741 1473
742 1475
743 1477
744 1479
745 1481
746 1483
747 1485
748 1487
749 1489
750 1491
751 1493
752 1495
756 1502
757 1504
758 1506
759 1508
760 1510
761 1512
762 1514
763 1516
764 1518
766 1521
768 1525
770 1529
771 1531
772 1533
773 1535
774 1537
775 1539
776 1541
777 1543
778 1545
779 1547
780 1549
781 1551
782 1553
785 1558
786 1560
787 1562
788 1564
789 1566
790 1568
791 1570
792 1572
793 1574
796 1579
797 1581
798 1583
799 1585
800 1587
801 1589
802 1591
803 1593
806 1598
807 1600
808 1602
809 1604
810 1606
811 1608
812 1610
813 1612
814 1614
815 1616
816 1618
819 1623
820 1625
821 1627
822 1629
823 1631
824 1633
825 1635
831 1646
832 1648
833 1650
834 1652
835 1654
838 1659
839 1661
840 1663
841 1665
842 1667
843 1669
846 1674
847 1676
848 1678
849 1680
850 1682
851 1684
852 1686
853 1688
857 1695
858 1697
859 1699
860 1701
861 1703
866 1712
867 1714
868 1716
869 1718
870 1720
871 1722
872 1724
873 1726
876 1731
877 1733
878 1735
879 1737
880 1739
881 1741
884 1746
885 1748
886 1750
887 1752
888 1754
889 1756
892 1761
893 1763
894 1765
895 1767
896 1769
898 1772
899 1774
900 1776
901 1778
902 1780
903 1782
904 1784
905 1786
906 1788
908 1791
909 1793
910 1795
911 1797
912 1799
913 1801
914 1803
915 1805
916 1807
918 1810
919 1812
920 1814
921 1816
922 1818
923 1820
924 1822
926 1825
927 1827
928 1829
929 1831
930 1833
931 1835
932 1837
936 1844
937 1846
938 1848
939 1850
940 1852
941 1854
942 1856
943 1858
946 1863
947 1865
948 1867
949 1869
950 1871
951 1873
952 1875
953 1877
954 1879
955 1881
958 1886
960 1890
961 1892
962 1894
963 1896
964 1898
965 1900
966 1902
967 1904
968 1906
969 1908
970 1910
971 1912
972 1914
973 1916
974 1918
975 1920
977 1924
978 1926
979 1928
980 1930
981 1932
982 1934
983 1936
984 1938
985 1940
986 1942
987 1944
991 1952
992 1954
993 1956
994 1958
995 1960
996 1962
997 1964
998 1966
999 1968
1000 1970
1001 1972
1002 1974
1003 1976
1004 1978
1005 1980
1006 1982
