0 0
1 4
2 6
3 9
5 16
7 23
9 26
10 28
11 30
12 32
13 34
14 36
15 38
16 40
17 42
18 44
19 46
20 48
21 50
22 52
27 61
28 63
29 65
30 67
31 69
32 71
33 73
34 75
35 77
36 79
37 81
39 85
40 87
41 89
42 91
45 96
46 98
47 100
48 102
49 104
50 106
51 108
52 110
53 112
54 114
57 119
59 123
60 125
62 129
63 131
64 133
65 135
66 137
67 139
68 141
69 143
70 145
71 147
72 149
73 151
74 153
75 155
76 157
77 159
78 161
89 182
91 186
93 190
94 192
95 194
96 196
97 198
98 200
99 202
100 204
101 206
102 208
103 210
104 212
105 214
106 216
107 218
108 220
109 222
110 224
116 237
117 239
118 241
119 243
120 245
121 247
122 249
123 251
124 253
125 255
126 257
128 261
129 263
130 266
131 268
132 270
133 272
134 274
135 276
136 278
137 280
138 282
139 284
140 286
142 290
148 303
149 305
150 307
151 309
152 311
153 313
154 315
186 383
187 385
188 387
189 389
190 391
191 393
192 395
193 397
194 399
202 416
203 418
204 420
205 422
206 424
207 426
208 428
209 430
210 432
211 434
212 436
213 438
214 440
215 442
216 444
217 446
218 448
219 450
220 452
221 455
223 459
224 461
225 463
226 465
227 467
228 469
229 471
230 473
231 475
232 477
233 479
234 481
235 483
236 485
237 487
238 489
239 491
240 493
241 495
242 497
243 499
244 501
245 503
246 505
247 507
248 509
249 511
250 513
251 515
252 517
253 519
254 521
255 523
256 525
257 527
258 529
259 531
263 539
272 556
273 558
274 560
275 562
276 564
277 566
278 568
279 570
280 572
281 574
282 576
283 578
284 580
285 582
291 593
292 595
293 597
294 599
295 601
296 603
297 605
298 607
299 609
300 611
301 613
302 615
303 617
304 619
305 621
306 623
307 625
308 627
309 629
312 635
316 642
317 644
318 646
319 648
320 650
321 652
322 654
323 656
324 658
325 660
326 662
327 664
328 666
329 668
330 670
332 673
333 675
334 677
335 679
336 681
337 683
338 685
339 687
342 692
343 694
344 696
345 698
346 700
347 702
348 704
349 706
350 708
353 713
354 715
355 717
356 719
357 721
358 723
359 725
362 730
363 732
364 734
365 736
366 738
367 740
368 742
369 744
372 749
373 751
374 753
375 755
376 757
377 759
380 764
381 766
382 768
383 770
384 772
385 774
388 779
389 781
390 783
391 785
392 787
393 789
394 791
396 794
397 796
398 798
399 800
400 802
401 804
404 809
406 813
407 815
408 817
409 819
410 821
411 823
414 828
415 830
416 832
417 834
418 836
420 839
421 841
422 843
423 845
424 847
428 854
429 856
430 858
431 860
432 862
434 865
435 867
436 869
437 871
438 873
439 875
441 878
442 880
443 882
444 884
445 886
447 889
448 891
449 893
450 895
451 897
454 902
455 904
456 906
457 908
458 910
461 915
462 917
463 919
464 921
465 923
466 925
468 928
469 930
470 932
471 934
472 936
473 938
475 942
477 945
478 947
479 949
480 951
481 953
484 958
485 960
486 962
487 964
488 966
490 969
491 971
492 973
493 975
494 977
497 982
498 984
499 986
500 988
501 990
502 992
505 997
506 999
507 1001
508 1003
509 1005
510 1007
511 1009
513 1012
515 1016
516 1018
517 1020
518 1022
519 1024
522 1029
523 1031
524 1033
525 1035
526 1037
527 1039
528 1041
532 1048
533 1050
534 1052
535 1054
536 1056
537 1058
538 1060
542 1067
543 1069
544 1071
545 1073
546 1075
547 1077
548 1079
549 1081
550 1083
551 1085
555 1092
556 1094
557 1096
558 1098
559 1100
560 1102
561 1104
562 1106
563 1108
564 1110
569 1119
570 1121
571 1123
572 1125
573 1127
574 1129
575 1131
576 1133
577 1135
578 1137
579 1139
580 1141
581 1143
587 1154
588 1156
589 1158
590 1160
591 1162
592 1164
593 1166
594 1168
595 1170
596 1172
597 1174
598 1176
599 1178
600 1180
601 1182
602 1184
603 1186
604 1188
605 1190
606 1192
607 1194
608 1196
609 1198
610 1200
611 1202
612 1204
613 1206
614 1208
615 1210
616 1212
617 1214
618 1216
619 1218
620 1220
628 1237
629 1239
630 1241
631 1243
632 1245
633 1247
634 1249
635 1251
636 1253
637 1255
638 1257
642 1265
644 1268
648 1276
649 1278
650 1280
651 1282
652 1284
653 1286
654 1288
655 1290
656 1292
657 1294
658 1296
659 1298
660 1300
661 1302
662 1304
664 1308
665 1310
670 1319
672 1323
673 1325
674 1327
675 1329
676 1331
677 1333
678 1335
679 1337
680 1339
681 1341
682 1343
683 1345
687 1352
688 1354
689 1356
690 1358
691 1360
692 1362
693 1364
696 1369
697 1371
698 1373
699 1375
700 1377
701 1379
702 1381
705 1386
706 1388
707 1390
708 1392
709 1394
710 1396
711 1398
714 1403
715 1405
716 1407
717 1409
718 1411
719 1413
720 1415
721 1417
722 1419
723 1421
725 1424
726 1426
727 1428
728 1430
729 1432
730 1434
731 1436
732 1438
735 1443
736 1445
737 1447
738 1449
739 1451
740 1453
741 1455
745 1462
746 1464
747 1466
748 1468
749 1470
750 1472
751 1474
754 1479
755 1481
756 1483
757 1485
758 1487
759 1489
762 1494
764 1498
765 1500
766 1502
767 1504
768 1506
769 1508
770 1510
771 1512
772 1514
773 1516
775 1519
777 1523
779 1527
780 1529
781 1531
782 1533
783 1535
784 1537
785 1539
789 1546
790 1548
792 1552
794 1556
795 1558
796 1560
797 1562
798 1564
799 1566
800 1568
801 1570
802 1572
803 1574
804 1576
805 1578
806 1580
810 1588
811 1590
812 1592
813 1594
814 1596
815 1598
816 1600
817 1602
818 1604
819 1606
820 1608
821 1610
822 1612
823 1614
824 1616
825 1618
826 1620
827 1622
828 1624
829 1626
830 1628
834 1637
835 1639
836 1641
837 1643
838 1645
839 1647
840 1649
841 1651
842 1653
843 1655
847 1664
848 1666
849 1668
850 1670
851 1672
852 1674
853 1676
854 1678
855 1680
856 1682
857 1684
858 1686
859 1688
860 1690
861 1692
862 1694
863 1696
867 1703
868 1705
869 1707
870 1709
871 1711
872 1713
873 1715
877 1722
878 1724
879 1726
880 1728
881 1730
882 1732
883 1734
884 1736
886 1739
887 1741
888 1743
889 1745
890 1747
891 1749
892 1751
893 1753
894 1755
897 1760
898 1762
899 1764
900 1766
901 1768
902 1770
903 1772
905 1775
906 1777
907 1779
908 1781
909 1783
910 1785
911 1787
912 1789
913 1791
917 1798
918 1800
919 1802
920 1804
921 1806
922 1808
923 1810
927 1817
928 1819
929 1821
930 1823
931 1825
932 1827
933 1829
937 1836
938 1838
939 1840
940 1842
941 1844
942 1846
943 1848
945 1851
946 1853
947 1855
948 1857
949 1859
950 1861
951 1863
952 1865
953 1867
954 1869
955 1871
956 1873
961 1882
962 1884
963 1886
964 1888
965 1890
966 1892
967 1894
968 1896
969 1898
970 1900
971 1902
972 1904
973 1906
974 1908
975 1910
976 1912
977 1914
978 1916
985 1929
986 1931
987 1933
988 1935
989 1937
990 1939
991 1941
992 1943
993 1945
994 1947
995 1949
996 1951
997 1953
998 1955
999 1957
1002 1962
1003 1964
1004 1966
1005 1968
1006 1970
1007 1972
1008 1974
1009 1976
1013 1983
1014 1985
1015 1987
1016 1989
1017 1991
