0 0
1 4
2 6
3 9
5 16
7 23
9 26
10 28
11 30
12 32
13 34
14 36
15 38
16 40
17 42
18 44
19 46
20 48
21 50
22 52
27 61
28 63
29 65
30 67
31 69
32 71
33 73
34 75
35 77
36 79
37 81
39 85
40 87
41 89
42 91
45 96
46 98
47 100
48 102
49 104
50 106
51 108
52 110
53 112
54 114
57 119
59 123
60 125
62 129
63 131
64 133
65 135
66 137
67 139
68 141
69 143
70 145
71 147
72 149
73 151
74 153
75 155
76 157
77 159
78 161
89 182
91 186
93 190
94 192
95 194
96 196
97 198
98 200
99 202
100 204
101 206
102 208
103 210
104 212
105 214
106 216
107 218
108 220
109 222
110 224
116 237
117 239
118 241
119 243
120 245
121 247
122 249
123 251
124 253
125 255
126 257
128 261
129 263
130 266
131 268
132 270
133 272
134 274
135 276
136 278
137 280
138 282
139 284
140 286
142 290
148 303
149 305
150 307
151 309
152 311
153 313
154 315
155 317
156 319
157 321
158 323
159 325
160 327
161 329
162 331
163 333
164 335
165 337
166 339
167 341
168 343
170 347
174 356
175 358
176 360
177 362
178 364
179 366
180 368
181 370
182 372
187 383
188 385
189 387
190 389
191 391
192 393
193 395
194 397
195 399
203 416
204 418
205 420
206 422
207 424
208 426
209 428
210 430
211 432
212 434
213 436
214 438
215 440
216 442
217 444
218 446
219 448
220 450
221 452
222 455
224 459
225 461
226 463
227 465
228 467
229 469
230 471
231 473
232 475
233 477
234 479
235 481
236 483
237 485
238 487
239 489
240 491
241 493
242 495
243 497
244 499
245 501
246 503
247 505
248 507
249 509
250 511
251 513
252 515
253 517
254 519
255 521
256 523
257 525
258 527
259 529
260 531
264 539
273 556
274 558
275 560
276 562
277 564
278 566
279 568
280 570
281 572
282 574
283 576
284 578
285 580
286 582
292 593
293 595
294 597
295 599
296 601
297 603
298 605
299 607
300 609
301 611
302 613
303 615
304 617
305 619
306 621
307 623
308 625
309 627
310 629
313 635
317 642
318 644
319 646
320 648
321 650
322 652
323 654
324 656
325 658
326 660
327 662
328 664
329 666
330 668
331 670
333 673
334 675
335 677
336 679
337 681
338 683
339 685
340 687
343 692
344 694
345 696
346 698
347 700
348 702
349 704
350 706
351 708
354 713
355 715
356 717
357 719
358 721
359 723
360 725
363 730
364 732
365 734
366 736
367 738
368 740
369 742
370 744
373 749
374 751
375 753
376 755
377 757
378 759
381 764
382 766
383 768
384 770
385 772
386 774
389 779
390 781
391 783
392 785
393 787
394 789
395 791
397 794
398 796
399 798
400 800
401 802
402 804
405 809
407 813
408 815
409 817
410 819
411 821
412 823
415 828
416 830
417 832
418 834
419 836
421 839
422 841
423 843
424 845
425 847
429 854
430 856
431 858
432 860
433 862
435 865
436 867
437 869
438 871
439 873
440 875
442 878
443 880
444 882
445 884
446 886
448 889
449 891
450 893
451 895
452 897
455 902
456 904
457 906
458 908
459 910
462 915
463 917
464 919
465 921
466 923
467 925
469 928
470 930
471 932
472 934
473 936
474 938
476 942
478 945
479 947
480 949
481 951
482 953
485 958
486 960
487 962
488 964
489 966
491 969
492 971
493 973
494 975
495 977
498 982
499 984
500 986
501 988
502 990
503 992
506 997
507 999
508 1001
509 1003
510 1005
511 1007
512 1009
514 1012
516 1016
517 1018
518 1020
519 1022
520 1024
523 1029
524 1031
525 1033
526 1035
527 1037
528 1039
529 1041
533 1048
534 1050
535 1052
536 1054
537 1056
538 1058
539 1060
543 1067
544 1069
545 1071
546 1073
547 1075
548 1077
549 1079
550 1081
551 1083
552 1085
556 1092
557 1094
558 1096
559 1098
560 1100
561 1102
562 1104
563 1106
564 1108
565 1110
570 1119
571 1121
572 1123
573 1125
574 1127
575 1129
576 1131
577 1133
578 1135
579 1137
580 1139
581 1141
582 1143
588 1154
589 1156
590 1158
591 1160
592 1162
593 1164
594 1166
595 1168
596 1170
597 1172
598 1174
599 1176
600 1178
601 1180
602 1182
603 1184
604 1186
605 1188
606 1190
607 1192
608 1194
609 1196
610 1198
611 1200
612 1202
613 1204
614 1206
615 1208
616 1210
617 1212
618 1214
619 1216
620 1218
621 1220
629 1237
630 1239
631 1241
632 1243
633 1245
634 1247
635 1249
636 1251
637 1253
638 1255
639 1257
643 1265
645 1268
649 1276
650 1278
651 1280
652 1282
653 1284
654 1286
655 1288
656 1290
657 1292
658 1294
659 1296
660 1298
661 1300
662 1302
663 1304
665 1308
666 1310
671 1319
673 1323
674 1325
675 1327
676 1329
677 1331
678 1333
679 1335
680 1337
681 1339
682 1341
683 1343
684 1345
688 1352
689 1354
690 1356
691 1358
692 1360
693 1362
694 1364
697 1369
698 1371
699 1373
700 1375
701 1377
702 1379
703 1381
706 1386
707 1388
708 1390
709 1392
710 1394
711 1396
712 1398
715 1403
716 1405
717 1407
718 1409
719 1411
720 1413
721 1415
722 1417
723 1419
724 1421
726 1424
727 1426
728 1428
729 1430
730 1432
731 1434
732 1436
733 1438
736 1443
737 1445
738 1447
739 1449
740 1451
741 1453
742 1455
746 1462
747 1464
748 1466
749 1468
750 1470
751 1472
752 1474
755 1479
756 1481
757 1483
758 1485
759 1487
760 1489
763 1494
765 1498
766 1500
767 1502
768 1504
769 1506
770 1508
771 1510
772 1512
773 1514
774 1516
776 1519
778 1523
780 1527
781 1529
782 1531
783 1533
784 1535
785 1537
786 1539
790 1546
791 1548
793 1552
795 1556
796 1558
797 1560
798 1562
799 1564
800 1566
801 1568
802 1570
803 1572
804 1574
805 1576
806 1578
807 1580
811 1588
812 1590
813 1592
814 1594
815 1596
816 1598
817 1600
818 1602
819 1604
820 1606
821 1608
822 1610
823 1612
824 1614
825 1616
826 1618
827 1620
828 1622
829 1624
830 1626
831 1628
835 1637
836 1639
837 1641
838 1643
839 1645
840 1647
841 1649
842 1651
843 1653
844 1655
848 1664
849 1666
850 1668
851 1670
852 1672
853 1674
854 1676
855 1678
856 1680
857 1682
858 1684
859 1686
860 1688
861 1690
862 1692
863 1694
864 1696
868 1703
869 1705
870 1707
871 1709
872 1711
873 1713
874 1715
878 1722
879 1724
880 1726
881 1728
882 1730
883 1732
884 1734
885 1736
887 1739
888 1741
889 1743
890 1745
891 1747
892 1749
893 1751
894 1753
895 1755
898 1760
899 1762
900 1764
901 1766
902 1768
903 1770
904 1772
906 1775
907 1777
908 1779
909 1781
910 1783
911 1785
912 1787
913 1789
914 1791
918 1798
919 1800
920 1802
921 1804
922 1806
923 1808
924 1810
928 1817
929 1819
930 1821
931 1823
932 1825
933 1827
934 1829
938 1836
939 1838
940 1840
941 1842
942 1844
943 1846
944 1848
946 1851
947 1853
948 1855
949 1857
950 1859
951 1861
952 1863
953 1865
954 1867
955 1869
956 1871
957 1873
962 1882
963 1884
964 1886
965 1888
966 1890
967 1892
968 1894
969 1896
970 1898
971 1900
972 1902
973 1904
974 1906
975 1908
976 1910
977 1912
978 1914
979 1916
986 1929
987 1931
988 1933
989 1935
990 1937
991 1939
992 1941
993 1943
994 1945
995 1947
996 1949
997 1951
998 1953
999 1955
1000 1957
1003 1962
1004 1964
1005 1966
1006 1968
1007 1970
1008 1972
1009 1974
1010 1976
1014 1983
1015 1985
1016 1987
1017 1989
1018 1991
