0 0
1 3
4 10
6 16
8 19
10 22
12 25
14 28
15 29
17 32
19 35
21 38
22 39
24 42
26 45
27 46
29 49
32 53
34 56
37 60
39 63
40 64
42 67
45 71
47 74
48 75
49 77
50 78
52 81
53 82
55 85
57 88
59 91
61 94
62 95
64 98
66 101
68 104
70 107
72 110
73 111
75 114
76 115
78 118
79 119
81 122
84 126
87 130
89 133
91 136
93 139
96 143
98 146
99 147
101 150
102 151
104 154
106 157
108 160
109 161
111 164
114 168
116 171
117 172
119 175
121 178
123 181
125 184
127 187
129 190
130 191
132 194
134 197
136 200
138 203
139 204
140 206
141 207
143 210
145 213
147 216
149 219
151 222
153 225
155 228
158 232
160 235
162 238
164 241
166 244
168 247
170 250
172 253
174 256
176 259
178 262
180 265
182 268
184 271
186 274
187 275
189 278
191 281
193 284
195 287
197 290
199 293
201 296
203 299
206 303
208 306
210 309
212 312
214 315
217 319
219 322
221 325
223 328
224 329
226 332
228 335
230 338
232 341
234 344
236 347
237 348
239 351
242 356
244 359
246 362
248 365
250 368
252 371
254 374
256 377
258 380
259 382
261 385
263 388
266 393
268 396
270 399
272 402
274 405
275 407
277 410
279 413
281 416
282 417
283 419
284 420
286 423
288 426
290 429
291 430
293 433
295 436
297 439
299 442
300 443
301 445
302 446
304 449
306 452
308 455
311 459
313 462
315 465
317 468
320 472
322 475
324 478
326 481
328 484
331 488
333 491
335 494
337 497
338 498
340 501
342 504
344 507
345 508
346 510
347 511
348 513
349 514
351 517
353 520
355 523
358 527
360 530
362 533
363 534
365 537
367 540
368 541
370 544
372 547
374 550
377 554
379 557
381 560
382 561
384 564
386 567
387 568
389 571
391 574
393 577
394 578
396 581
398 584
399 585
401 588
403 591
404 592
406 595
408 598
410 601
411 602
412 604
413 605
415 608
417 611
419 614
421 617
424 621
426 624
428 627
430 630
432 633
434 636
435 637
437 640
439 643
441 646
443 649
444 650
446 653
448 656
449 657
451 660
453 663
454 664
456 667
459 671
462 675
464 678
465 679
467 682
469 685
470 686
472 689
475 693
477 696
478 697
480 700
482 703
483 704
485 707
487 710
488 711
490 714
493 718
495 721
498 725
500 728
503 732
505 735
506 736
508 739
510 742
513 746
515 749
518 753
521 757
524 761
526 764
527 765
529 768
530 769
532 772
533 773
535 776
537 779
539 782
540 783
542 786
544 789
545 790
547 793
549 796
551 799
552 800
554 803
556 806
559 810
561 813
563 816
564 817
566 820
568 823
569 824
571 827
573 830
575 833
576 834
578 837
580 840
581 841
583 844
585 847
587 850
590 854
592 857
594 860
597 864
599 867
600 868
602 871
604 874
606 877
608 880
609 881
611 884
614 888
616 891
618 894
620 897
623 901
625 904
627 907
629 910
630 911
632 914
634 917
636 920
637 921
639 924
641 927
642 928
644 931
646 934
648 937
649 938
651 941
653 944
654 945
656 948
658 951
660 954
661 955
663 958
665 961
667 964
668 965
670 968
672 971
673 972
675 975
677 978
678 979
680 982
682 985
685 989
687 992
689 995
690 996
692 999
694 1002
696 1005
697 1006
699 1009
701 1012
704 1016
706 1019
708 1022
709 1023
711 1026
713 1029
714 1030
716 1033
719 1037
721 1040
724 1044
727 1048
730 1052
733 1056
736 1060
739 1064
742 1068
745 1072
746 1073
748 1076
749 1077
751 1080
754 1084
757 1088
760 1092
762 1095
763 1096
765 1099
767 1102
768 1103
769 1105
770 1106
772 1109
775 1113
777 1116
778 1117
780 1120
781 1121
783 1124
785 1127
786 1128
788 1131
791 1135
793 1138
794 1139
796 1142
799 1146
801 1149
802 1150
832 1192
834 1195
837 1199
840 1203
842 1206
843 1207
845 1210
846 1211
848 1214
849 1215
851 1218
854 1222
856 1225
857 1226
859 1229
860 1230
862 1233
865 1237
867 1240
868 1241
870 1244
871 1245
873 1248
874 1249
876 1252
879 1256
881 1259
882 1260
884 1263
887 1267
890 1271
892 1274
893 1275
895 1278
898 1282
900 1285
901 1286
903 1289
905 1292
906 1293
908 1296
911 1300
913 1303
914 1304
916 1307
917 1308
919 1311
921 1314
924 1318
926 1321
927 1322
929 1325
932 1329
934 1332
935 1333
937 1336
939 1339
942 1343
944 1346
946 1349
947 1350
949 1353
951 1356
952 1357
954 1360
956 1363
957 1364
959 1367
960 1368
961 1370
962 1371
964 1374
966 1377
967 1378
969 1381
971 1384
972 1385
974 1388
976 1391
977 1392
979 1395
981 1398
984 1402
986 1405
987 1406
989 1409
