0 0
1 2
3 7
4 10
5 15
6 20
7 27
8 29
9 31
10 33
12 38
13 40
15 45
16 47
18 52
19 54
21 59
22 61
23 63
24 66
25 68
26 70
27 73
28 75
29 77
31 82
32 84
33 86
34 89
35 91
36 93
37 96
38 98
40 103
41 105
43 110
44 112
45 114
46 117
47 119
48 121
50 126
51 128
53 133
54 135
55 137
56 140
57 142
58 144
59 147
60 149
61 151
63 156
64 158
66 163
67 165
69 170
70 172
71 174
72 177
73 179
74 181
75 184
76 186
77 188
79 193
80 195
82 200
83 202
84 205
85 207
86 209
87 212
88 214
89 216
90 219
91 221
92 223
93 226
94 228
96 233
97 235
99 240
100 242
101 245
102 247
104 252
105 254
107 259
108 261
110 266
111 268
112 271
113 273
114 275
115 278
116 280
117 283
118 285
119 287
120 290
121 292
122 295
123 297
124 299
125 302
126 304
127 307
128 309
129 312
130 314
132 319
133 321
134 324
135 326
136 329
137 331
138 334
139 336
141 341
142 343
143 346
144 348
145 350
146 353
147 355
148 358
149 360
151 365
152 367
154 372
155 374
156 377
157 379
158 382
159 384
161 389
162 391
163 394
164 396
165 399
166 401
167 404
168 406
169 409
170 411
171 413
172 416
173 418
175 423
176 425
177 428
178 430
179 433
180 435
182 440
183 442
184 445
185 447
186 450
187 452
188 455
189 457
191 462
192 464
193 467
194 469
195 472
196 474
197 476
198 479
199 481
200 484
201 486
203 491
204 493
205 496
206 498
207 501
208 503
209 506
210 508
211 511
212 513
213 515
214 518
215 520
216 523
217 525
218 527
219 530
220 532
222 537
223 539
224 542
225 544
227 549
228 551
230 556
231 558
232 561
233 563
234 565
235 568
236 570
237 573
238 575
239 577
240 580
241 582
243 587
244 589
246 594
247 596
248 599
249 601
250 604
251 606
252 608
253 611
254 613
256 618
257 620
258 622
259 625
260 627
262 632
263 634
264 637
265 639
266 641
268 646
269 648
270 651
271 653
272 656
273 658
275 663
276 665
277 668
278 670
279 672
280 675
281 677
283 682
284 684
286 689
287 691
288 694
289 696
290 699
291 701
292 703
294 708
295 710
296 713
297 715
298 717
299 720
300 722
301 724
303 729
304 731
305 733
306 736
307 738
308 741
309 743
310 745
311 747
312 750
313 752
314 754
316 759
317 761
318 763
319 766
320 768
321 770
322 772
323 775
324 777
325 779
355 849
356 851
358 856
359 858
360 860
361 862
362 865
363 867
364 869
365 871
366 873
367 876
368 878
369 880
370 882
372 887
373 889
374 891
375 893
377 898
378 900
379 902
380 904
382 909
384 914
385 916
386 918
388 923
389 925
390 927
391 929
392 932
393 934
394 936
395 938
396 940
398 945
399 947
400 949
401 951
403 956
404 958
405 960
406 962
407 965
408 967
409 969
410 971
411 973
412 976
413 978
414 980
415 982
416 984
418 989
419 991
420 993
421 995
422 998
423 1000
424 1002
425 1004
426 1006
427 1009
428 1011
429 1013
431 1018
432 1020
433 1022
434 1024
435 1027
436 1029
437 1031
438 1033
439 1035
441 1040
442 1042
443 1044
444 1046
445 1049
446 1051
447 1053
448 1055
449 1057
450 1060
451 1062
452 1064
453 1066
454 1068
456 1073
457 1075
458 1077
459 1080
460 1082
461 1084
462 1086
463 1088
465 1093
466 1095
467 1097
468 1099
470 1104
471 1106
472 1108
473 1110
475 1115
476 1117
477 1119
478 1121
480 1126
481 1128
482 1130
483 1132
485 1137
486 1139
487 1141
488 1143
489 1146
490 1148
491 1150
492 1152
493 1155
494 1157
495 1159
496 1161
497 1163
498 1166
499 1168
500 1170
501 1172
503 1177
504 1179
505 1181
507 1186
508 1188
509 1190
510 1192
511 1195
512 1197
513 1199
514 1201
516 1206
517 1208
518 1210
519 1213
520 1215
521 1217
523 1222
524 1224
525 1226
527 1231
528 1233
529 1235
530 1238
531 1240
532 1242
533 1244
534 1247
535 1249
536 1251
537 1253
538 1256
539 1258
541 1263
542 1265
543 1267
545 1272
546 1274
548 1279
549 1281
551 1286
552 1288
553 1290
555 1295
556 1297
557 1300
558 1302
559 1304
561 1309
562 1311
563 1314
564 1316
565 1318
566 1321
567 1323
568 1325
569 1328
570 1330
571 1332
572 1335
573 1337
574 1339
575 1342
576 1344
577 1347
578 1349
579 1351
581 1356
582 1358
583 1361
584 1363
585 1365
586 1368
587 1370
588 1373
589 1375
590 1377
591 1380
592 1382
593 1385
594 1387
595 1389
596 1392
597 1394
599 1399
600 1401
601 1404
602 1406
604 1411
605 1413
606 1415
607 1418
608 1420
609 1423
610 1425
611 1427
612 1429
613 1432
614 1434
615 1436
617 1441
618 1443
619 1446
620 1448
621 1450
622 1453
623 1455
624 1457
626 1462
627 1464
628 1467
629 1469
630 1471
631 1474
632 1476
633 1478
634 1481
635 1483
636 1485
638 1490
639 1492
641 1497
642 1499
644 1504
645 1506
647 1511
648 1513
650 1518
651 1520
653 1525
654 1527
655 1529
656 1532
657 1534
658 1536
660 1541
661 1543
662 1545
663 1548
664 1550
665 1552
667 1557
668 1559
669 1561
670 1564
671 1566
672 1568
673 1570
674 1573
675 1575
676 1577
677 1579
679 1584
680 1586
681 1588
683 1593
684 1595
685 1597
686 1599
687 1602
688 1604
689 1606
690 1608
691 1610
692 1613
693 1615
694 1617
695 1619
697 1624
698 1626
699 1628
700 1630
701 1633
702 1635
703 1637
704 1639
705 1642
706 1644
707 1646
708 1648
710 1653
711 1655
712 1657
713 1659
715 1664
716 1666
717 1668
718 1670
720 1675
721 1677
722 1679
724 1684
725 1686
726 1688
727 1691
728 1693
730 1698
731 1700
732 1702
733 1704
735 1709
736 1711
737 1713
738 1715
740 1720
741 1722
742 1724
744 1729
745 1731
746 1733
747 1736
748 1738
749 1740
751 1745
752 1747
753 1749
754 1752
755 1754
756 1756
758 1761
759 1763
760 1765
761 1767
762 1770
763 1772
764 1774
765 1777
766 1779
767 1781
768 1783
769 1786
770 1788
771 1790
773 1795
774 1797
775 1799
776 1802
777 1804
778 1806
779 1809
780 1811
781 1813
782 1816
783 1818
784 1820
786 1825
787 1827
788 1830
789 1832
790 1834
791 1837
792 1839
794 1844
796 1849
797 1851
799 1856
800 1858
802 1863
804 1868
805 1870
806 1873
807 1875
808 1877
809 1880
810 1882
811 1885
812 1887
813 1889
814 1892
815 1894
816 1897
817 1899
818 1901
819 1904
820 1906
822 1911
823 1913
824 1916
825 1918
826 1920
827 1923
828 1925
829 1927
830 1930
831 1932
832 1935
833 1937
835 1942
836 1944
837 1947
838 1949
840 1954
841 1956
842 1959
843 1961
845 1966
846 1968
847 1971
848 1973
849 1975
850 1978
851 1980
852 1983
853 1985
854 1987
856 1992
857 1994
858 1997
859 1999
860 2001
862 2006
863 2008
865 2013
866 2015
867 2017
868 2020
869 2022
870 2024
871 2026
872 2028
873 2031
874 2033
875 2035
876 2037
877 2040
878 2042
879 2044
880 2046
881 2049
882 2051
884 2056
885 2058
886 2060
888 2065
889 2067
890 2070
891 2072
892 2074
893 2076
894 2079
895 2081
896 2083
897 2085
899 2090
900 2092
901 2094
902 2096
903 2099
904 2101
905 2103
906 2106
907 2108
908 2110
909 2112
910 2115
911 2117
912 2119
913 2121
914 2123
915 2126
916 2128
917 2130
918 2133
919 2135
920 2137
921 2140
922 2142
923 2144
925 2149
926 2151
927 2153
928 2156
929 2158
930 2160
931 2162
932 2165
933 2167
934 2169
965 2243
966 2245
967 2247
968 2250
969 2252
971 2257
972 2259
974 2264
975 2266
977 2271
978 2273
979 2275
980 2278
981 2280
982 2282
983 2285
984 2287
985 2289
986 2292
987 2294
989 2299
990 2301
992 2306
993 2308
994 2311
995 2313
996 2315
997 2317
998 2320
999 2322
1001 2327
1002 2329
1003 2331
1004 2334
1005 2336
1006 2338
1007 2340
1009 2345
