0 0
1 3
2 5
3 8
4 11
5 15
6 20
7 28
8 32
9 34
10 36
11 39
12 42
13 44
14 47
15 50
16 52
17 55
18 57
19 60
20 62
21 65
22 67
23 70
24 72
25 75
26 78
27 80
28 83
29 85
30 88
31 91
32 94
33 96
34 99
35 102
36 104
37 107
38 109
39 112
40 115
41 117
42 120
43 122
44 125
45 128
46 131
47 133
48 136
49 138
50 141
51 144
52 146
53 149
54 152
55 154
56 157
57 160
58 162
59 165
60 167
61 170
62 173
63 175
64 178
65 181
66 183
67 186
68 189
69 191
70 194
71 196
72 199
73 202
74 204
75 207
76 210
77 212
78 215
79 218
80 220
81 223
82 226
83 228
84 231
85 234
86 236
87 239
88 242
89 244
90 247
91 250
92 252
93 255
94 258
95 260
96 263
97 266
98 268
99 271
100 274
101 276
102 279
103 282
104 285
105 287
106 290
107 293
108 296
109 298
110 301
111 304
112 306
113 309
114 312
115 314
116 317
117 320
118 323
119 325
120 328
121 331
122 333
123 336
124 339
125 342
126 344
127 347
128 350
129 353
130 355
131 358
132 361
133 364
134 366
135 369
136 372
137 375
138 378
139 380
140 383
141 386
142 389
143 391
144 394
145 397
146 400
147 403
148 406
149 409
150 412
151 415
152 418
153 420
154 423
155 426
156 429
157 432
158 435
159 437
160 440
161 443
162 445
163 448
164 451
165 454
166 456
167 459
168 462
169 464
170 467
171 470
172 472
173 475
174 478
175 481
176 483
177 486
178 488
179 491
180 494
181 497
182 499
183 502
184 505
185 507
186 510
187 513
188 516
189 519
190 521
191 524
192 527
193 529
194 532
195 534
196 537
197 540
198 542
199 545
200 548
201 550
202 553
203 556
204 558
205 561
206 563
207 566
208 569
209 571
210 574
211 576
212 579
213 582
214 584
215 587
216 590
217 592
218 595
219 597
220 600
221 602
222 605
223 608
224 610
225 613
226 616
227 619
228 621
229 624
230 626
231 629
232 632
233 634
234 637
235 639
236 642
237 645
238 647
239 650
240 653
241 655
242 658
243 660
244 663
245 666
246 668
247 671
248 673
249 676
250 679
251 682
252 684
253 687
254 690
255 692
256 695
257 697
258 700
259 703
260 705
261 708
262 710
263 713
264 716
265 719
266 721
267 724
268 727
269 729
270 732
271 734
272 737
273 740
274 742
275 745
276 747
277 750
278 752
279 755
280 758
281 760
282 763
283 765
284 768
285 770
286 773
287 776
288 778
289 781
290 783
291 786
292 788
293 791
294 793
295 796
296 798
297 801
298 804
299 806
300 809
301 811
302 814
303 816
304 819
305 822
306 824
307 827
308 829
309 832
310 834
311 837
312 839
313 842
314 844
315 847
316 849
317 852
318 855
319 857
320 860
321 862
322 865
323 867
324 870
325 873
326 875
327 878
328 880
329 883
330 885
331 888
332 890
333 893
334 895
335 898
336 900
337 903
338 905
339 908
340 911
341 913
342 916
343 918
344 921
345 923
346 926
347 928
348 931
349 934
350 936
351 939
352 941
353 944
354 946
355 949
356 951
357 954
358 956
359 959
360 962
361 964
362 967
363 969
364 972
365 974
366 977
367 979
368 982
369 985
370 987
371 990
372 993
373 995
374 998
375 1000
376 1002
377 1005
378 1007
379 1010
380 1013
381 1015
382 1018
383 1020
384 1023
385 1026
386 1028
387 1031
388 1033
389 1036
390 1038
391 1041
392 1043
393 1046
394 1049
395 1051
396 1053
397 1056
398 1058
399 1061
400 1064
401 1066
402 1069
403 1071
404 1074
405 1076
406 1079
407 1081
408 1084
409 1086
410 1089
411 1091
412 1094
413 1097
414 1099
415 1102
416 1104
417 1107
418 1109
419 1112
420 1114
421 1117
422 1119
423 1122
424 1124
425 1127
426 1129
427 1132
428 1134
429 1137
430 1139
431 1142
432 1145
433 1147
434 1150
435 1152
436 1155
437 1158
438 1160
439 1163
440 1165
441 1168
442 1170
443 1173
444 1176
445 1178
446 1181
447 1184
448 1186
449 1189
450 1191
451 1194
452 1197
453 1199
454 1202
455 1205
456 1207
457 1210
458 1213
459 1215
460 1218
461 1220
462 1223
463 1226
464 1229
465 1231
466 1234
467 1237
468 1239
469 1242
470 1245
471 1247
472 1250
473 1253
474 1255
475 1258
476 1261
477 1264
478 1266
479 1269
480 1272
481 1274
482 1277
483 1280
484 1282
485 1285
486 1288
487 1291
488 1294
489 1296
490 1299
491 1302
492 1304
493 1307
494 1310
495 1313
496 1315
497 1318
498 1321
499 1323
500 1326
501 1329
502 1332
503 1334
504 1337
505 1340
506 1342
507 1345
508 1348
509 1350
510 1353
511 1356
512 1359
513 1361
514 1364
515 1367
516 1369
517 1372
518 1375
519 1378
520 1380
521 1383
522 1386
523 1389
524 1391
525 1394
526 1397
527 1399
528 1402
529 1405
530 1407
531 1410
532 1413
533 1415
534 1418
535 1421
536 1424
537 1426
538 1429
539 1431
540 1435
541 1437
542 1440
543 1443
544 1445
545 1448
546 1450
547 1453
548 1456
549 1458
550 1461
551 1464
552 1466
553 1469
554 1472
555 1474
556 1477
557 1479
558 1482
559 1485
560 1487
561 1490
562 1492
563 1495
564 1498
565 1500
566 1503
567 1505
568 1508
569 1510
570 1513
571 1516
572 1518
573 1521
574 1524
575 1526
576 1529
577 1531
578 1534
579 1536
580 1539
581 1541
582 1544
583 1546
584 1549
585 1551
586 1554
587 1556
588 1559
589 1562
590 1564
591 1567
592 1569
593 1571
594 1574
595 1577
596 1579
597 1582
598 1584
599 1587
600 1589
601 1592
602 1594
603 1597
604 1600
605 1602
606 1605
607 1607
608 1610
609 1612
610 1615
611 1617
612 1620
613 1622
614 1625
615 1627
616 1630
617 1632
618 1635
619 1638
620 1640
621 1643
622 1645
623 1648
624 1651
625 1653
626 1656
627 1658
628 1661
629 1664
630 1666
631 1669
632 1672
633 1674
634 1677
635 1679
636 1682
637 1684
638 1687
639 1689
640 1692
641 1695
642 1697
643 1700
644 1702
645 1705
646 1708
647 1710
648 1713
649 1715
650 1718
651 1721
652 1723
653 1726
654 1729
655 1732
656 1734
657 1737
658 1740
659 1742
660 1745
661 1748
662 1750
663 1753
664 1756
665 1758
666 1761
667 1764
668 1766
669 1769
670 1772
671 1775
672 1777
673 1780
674 1783
675 1785
676 1788
677 1791
678 1794
679 1797
680 1799
681 1802
682 1805
683 1807
684 1810
685 1813
686 1816
687 1818
688 1821
689 1824
690 1826
691 1829
692 1832
693 1835
694 1837
695 1840
696 1842
697 1845
698 1848
699 1851
700 1853
701 1856
702 1859
703 1861
704 1864
705 1867
706 1869
707 1872
708 1875
709 1877
710 1880
711 1882
712 1885
713 1887
714 1890
715 1893
716 1895
717 1898
718 1900
719 1903
720 1905
721 1908
722 1910
723 1913
724 1915
725 1918
726 1920
727 1923
728 1925
729 1928
730 1930
731 1933
732 1935
733 1938
734 1940
735 1943
736 1945
737 1948
738 1951
739 1953
740 1956
741 1958
742 1961
743 1963
744 1966
745 1968
746 1970
747 1973
748 1976
749 1978
750 1981
751 1983
752 1986
753 1988
754 1991
755 1993
756 1996
757 1998
758 2001
759 2003
760 2006
761 2008
762 2011
763 2013
764 2016
765 2019
766 2021
767 2024
768 2026
769 2029
770 2031
771 2034
772 2037
773 2039
774 2042
775 2045
776 2047
777 2050
778 2053
779 2055
780 2058
781 2061
782 2063
783 2066
784 2069
785 2071
786 2074
787 2077
788 2079
789 2082
790 2085
791 2088
792 2090
793 2093
794 2095
795 2098
796 2101
797 2104
798 2106
799 2109
800 2112
801 2114
802 2117
803 2119
804 2122
805 2124
806 2127
807 2129
808 2132
809 2135
810 2137
811 2140
812 2142
813 2145
814 2147
815 2150
816 2152
817 2155
818 2157
819 2160
820 2163
821 2165
822 2168
823 2170
824 2173
825 2175
826 2178
827 2181
828 2183
829 2185
830 2188
831 2190
832 2193
833 2196
834 2198
835 2201
836 2203
837 2206
838 2208
839 2211
840 2214
841 2216
842 2219
843 2221
844 2224
845 2226
846 2229
847 2231
848 2234
849 2237
850 2239
851 2242
852 2244
853 2247
854 2250
855 2252
856 2255
857 2257
858 2260
859 2262
860 2265
861 2267
862 2270
863 2272
864 2275
865 2278
866 2280
867 2283
868 2285
869 2288
870 2291
871 2293
872 2296
873 2298
874 2301
875 2303
876 2306
877 2309
878 2311
879 2314
880 2317
881 2319
882 2322
883 2324
884 2327
885 2329
886 2332
887 2334
888 2337
889 2339
890 2342
891 2344
892 2347
893 2349
894 2352
895 2354
896 2357
897 2360
898 2362
899 2365
900 2367
901 2370
902 2373
903 2375
904 2378
905 2380
906 2383
907 2385
908 2388
909 2390
910 2393
911 2395
912 2398
913 2400
914 2403
915 2405
916 2408
917 2411
918 2413
919 2416
920 2418
921 2421
922 2423
923 2426
924 2428
925 2431
926 2433
927 2436
928 2438
929 2441
930 2443
931 2446
932 2448
933 2451
934 2454
935 2456
936 2459
937 2461
938 2464
939 2466
940 2469
941 2471
942 2474
943 2476
944 2479
945 2481
946 2484
947 2486
948 2489
949 2492
950 2494
951 2497
952 2499
953 2502
954 2504
955 2507
956 2509
957 2512
958 2515
959 2517
960 2520
961 2522
962 2525
992 2611
993 2613
994 2616
995 2619
996 2621
997 2624
998 2626
999 2629
1000 2632
1001 2634
1002 2637
1003 2639
