0 0
1 3
2 5
3 8
4 11
5 15
6 20
7 28
8 32
9 34
10 36
11 39
12 42
13 44
14 47
15 50
16 52
17 55
18 57
19 60
20 62
21 65
22 67
23 70
24 72
25 75
26 78
27 80
28 83
29 85
30 88
31 91
32 94
33 96
34 99
35 102
36 104
37 107
38 109
39 112
40 115
41 117
42 120
43 122
44 125
45 128
46 131
47 133
48 136
49 138
50 141
51 144
52 146
53 149
54 152
55 154
56 157
57 160
58 162
59 165
60 167
61 170
62 173
63 175
64 178
65 181
66 183
67 186
68 189
69 191
70 194
71 196
72 199
73 202
74 204
75 207
76 210
77 212
78 215
79 218
80 220
81 223
82 226
83 228
84 231
85 234
86 236
87 239
88 242
89 244
90 247
91 250
92 252
93 255
94 258
95 260
96 263
97 266
98 268
99 271
100 274
101 276
102 279
103 282
104 285
105 287
106 290
107 293
108 296
109 298
110 301
111 304
112 306
113 309
114 312
115 314
116 317
117 320
118 323
119 325
120 328
121 331
122 333
123 336
124 339
125 342
126 344
127 347
128 350
129 353
130 355
131 358
132 361
133 364
134 366
135 369
136 372
137 375
138 378
139 380
140 383
141 386
142 389
143 391
144 394
145 397
146 400
147 403
148 406
149 409
150 412
151 415
152 418
153 420
154 423
155 426
156 429
157 432
158 435
159 437
160 440
161 443
162 445
163 448
164 451
165 454
166 456
167 459
168 462
169 464
170 467
171 470
172 472
173 475
174 478
175 481
176 483
177 486
178 488
179 491
180 494
181 497
182 499
183 502
184 505
185 507
186 510
187 513
188 516
189 519
190 521
191 524
192 527
193 529
194 532
195 534
196 537
197 540
198 542
199 545
200 548
201 550
202 553
203 556
204 558
205 561
206 563
207 566
208 569
209 571
210 574
211 576
212 579
213 582
214 584
215 587
216 590
217 592
218 595
219 597
220 600
221 602
222 605
223 608
224 610
225 613
226 616
227 619
228 621
229 624
230 626
231 629
232 632
233 634
234 637
235 639
236 642
237 645
238 647
239 650
240 653
241 655
242 658
243 660
244 663
245 666
246 668
247 671
248 673
249 676
250 679
251 682
252 684
253 687
254 690
255 692
256 695
257 697
258 700
259 703
260 705
261 708
262 710
263 713
264 716
265 719
266 721
267 724
268 727
269 729
270 732
271 734
272 737
273 740
274 742
275 745
276 747
277 750
278 752
279 755
280 758
281 760
282 763
283 765
284 768
285 770
286 773
287 776
288 778
289 781
290 783
291 786
292 788
293 791
294 793
295 796
296 798
297 801
298 804
299 806
300 809
301 811
302 814
303 816
304 819
305 822
306 824
307 827
308 829
309 832
310 834
311 837
312 839
313 842
314 844
315 847
316 849
317 852
318 855
319 857
320 860
321 862
322 865
323 867
324 870
325 873
326 875
327 878
328 880
329 883
330 885
331 888
332 890
333 893
334 895
335 898
336 900
337 903
338 905
339 908
340 911
341 913
342 916
343 918
344 921
345 923
346 926
347 928
348 931
349 934
350 936
351 939
352 941
353 944
354 946
355 949
356 951
357 954
358 956
359 959
360 962
361 964
362 967
363 969
364 972
365 974
366 977
367 979
368 982
369 985
370 987
371 990
372 993
373 995
374 998
375 1000
376 1002
377 1005
378 1007
379 1010
380 1013
381 1015
382 1018
383 1020
384 1023
385 1026
386 1028
387 1031
388 1033
389 1036
390 1038
391 1041
392 1043
393 1046
394 1049
395 1051
396 1053
397 1056
398 1058
399 1061
400 1064
401 1066
402 1069
403 1071
404 1074
405 1076
406 1079
407 1081
408 1084
409 1086
410 1089
411 1091
412 1094
413 1097
414 1099
415 1102
416 1104
417 1107
418 1109
419 1112
420 1114
421 1117
422 1119
423 1122
424 1124
425 1127
426 1129
427 1132
428 1134
429 1137
430 1139
431 1142
432 1145
433 1147
434 1150
435 1152
436 1155
465 1234
466 1237
467 1239
468 1242
469 1245
470 1247
471 1250
472 1253
473 1255
474 1258
475 1261
476 1264
477 1266
478 1269
479 1272
480 1274
481 1277
482 1280
483 1282
484 1285
485 1288
486 1291
487 1294
488 1296
489 1299
490 1302
491 1304
492 1307
493 1310
494 1313
495 1315
496 1318
497 1321
498 1323
499 1326
500 1329
501 1332
502 1334
503 1337
504 1340
505 1342
506 1345
507 1348
508 1350
509 1353
510 1356
511 1359
512 1361
513 1364
514 1367
515 1369
516 1372
517 1375
518 1378
519 1380
520 1383
521 1386
522 1389
523 1391
524 1394
525 1397
526 1399
527 1402
528 1405
529 1407
530 1410
531 1413
532 1415
533 1418
534 1421
535 1424
536 1426
537 1429
538 1431
539 1435
540 1437
541 1440
542 1443
543 1445
544 1448
545 1450
546 1453
547 1456
548 1458
549 1461
550 1464
551 1466
552 1469
553 1472
554 1474
555 1477
556 1479
557 1482
558 1485
559 1487
560 1490
561 1492
562 1495
563 1498
564 1500
565 1503
566 1505
567 1508
568 1510
569 1513
570 1516
571 1518
572 1521
573 1524
574 1526
575 1529
576 1531
577 1534
578 1536
579 1539
580 1541
581 1544
582 1546
583 1549
584 1551
585 1554
586 1556
587 1559
588 1562
589 1564
590 1567
591 1569
592 1571
593 1574
594 1577
595 1579
596 1582
597 1584
598 1587
599 1589
600 1592
601 1594
602 1597
603 1600
604 1602
605 1605
606 1607
607 1610
608 1612
609 1615
610 1617
611 1620
612 1622
613 1625
614 1627
615 1630
616 1632
617 1635
618 1638
619 1640
620 1643
621 1645
622 1648
623 1651
624 1653
625 1656
626 1658
627 1661
628 1664
629 1666
630 1669
631 1672
632 1674
633 1677
634 1679
635 1682
636 1684
637 1687
638 1689
639 1692
640 1695
641 1697
642 1700
643 1702
644 1705
645 1708
646 1710
647 1713
648 1715
649 1718
650 1721
651 1723
652 1726
653 1729
654 1732
655 1734
656 1737
657 1740
658 1742
659 1745
660 1748
661 1750
662 1753
663 1756
664 1758
665 1761
666 1764
667 1766
668 1769
669 1772
670 1775
671 1777
672 1780
673 1783
674 1785
675 1788
676 1791
677 1794
678 1797
679 1799
680 1802
681 1805
682 1807
683 1810
684 1813
685 1816
686 1818
687 1821
688 1824
689 1826
690 1829
691 1832
692 1835
693 1837
694 1840
695 1842
696 1845
697 1848
698 1851
699 1853
700 1856
701 1859
702 1861
703 1864
704 1867
705 1869
706 1872
707 1875
708 1877
709 1880
710 1882
711 1885
712 1887
713 1890
714 1893
715 1895
716 1898
717 1900
718 1903
719 1905
720 1908
721 1910
722 1913
723 1915
724 1918
725 1920
726 1923
727 1925
728 1928
729 1930
730 1933
731 1935
732 1938
733 1940
734 1943
735 1945
736 1948
737 1951
738 1953
739 1956
740 1958
741 1961
742 1963
743 1966
744 1968
745 1970
746 1973
747 1976
748 1978
749 1981
750 1983
751 1986
752 1988
753 1991
754 1993
755 1996
756 1998
757 2001
758 2003
759 2006
760 2008
761 2011
762 2013
763 2016
764 2019
765 2021
766 2024
767 2026
768 2029
769 2031
770 2034
771 2037
772 2039
773 2042
774 2045
775 2047
776 2050
777 2053
778 2055
779 2058
780 2061
781 2063
782 2066
783 2069
784 2071
785 2074
786 2077
787 2079
788 2082
789 2085
790 2088
791 2090
792 2093
793 2095
794 2098
795 2101
796 2104
797 2106
798 2109
799 2112
800 2114
801 2117
802 2119
803 2122
804 2124
805 2127
806 2129
807 2132
808 2135
809 2137
810 2140
811 2142
812 2145
813 2147
814 2150
815 2152
816 2155
817 2157
818 2160
819 2163
820 2165
821 2168
822 2170
823 2173
824 2175
825 2178
826 2181
827 2183
828 2185
829 2188
830 2190
831 2193
832 2196
833 2198
834 2201
835 2203
836 2206
837 2208
838 2211
839 2214
840 2216
841 2219
842 2221
843 2224
844 2226
845 2229
846 2231
847 2234
848 2237
849 2239
850 2242
851 2244
852 2247
853 2250
854 2252
855 2255
856 2257
857 2260
858 2262
859 2265
860 2267
861 2270
862 2272
863 2275
864 2278
865 2280
866 2283
867 2285
868 2288
869 2291
870 2293
871 2296
872 2298
873 2301
874 2303
875 2306
876 2309
877 2311
878 2314
879 2317
880 2319
881 2322
882 2324
883 2327
884 2329
885 2332
886 2334
887 2337
888 2339
889 2342
890 2344
891 2347
892 2349
893 2352
894 2354
895 2357
896 2360
897 2362
898 2365
899 2367
900 2370
901 2373
902 2375
903 2378
904 2380
905 2383
906 2385
907 2388
908 2390
909 2393
910 2395
911 2398
912 2400
913 2403
914 2405
915 2408
916 2411
917 2413
918 2416
919 2418
920 2421
921 2423
922 2426
923 2428
924 2431
925 2433
926 2436
927 2438
928 2441
929 2443
930 2446
931 2448
932 2451
933 2454
934 2456
935 2459
936 2461
937 2464
938 2466
939 2469
940 2471
941 2474
942 2476
943 2479
944 2481
945 2484
946 2486
947 2489
948 2492
949 2494
950 2497
951 2499
952 2502
953 2504
954 2507
955 2509
956 2512
957 2515
958 2517
959 2520
960 2522
961 2525
962 2528
963 2530
964 2532
965 2535
966 2538
967 2540
968 2543
997 2621
998 2624
999 2626
1000 2629
1001 2632
1002 2634
1003 2637
1004 2639
