1740547825.606620 0.000000 0.000000 0.000000 0.000000 -0.000000 -0.000000 1.000000
1740547825.721474 0.012687 -0.001518 0.075765 -0.005532 -0.041626 -0.000644 0.999118
1740547825.836329 0.013485 -0.001740 0.143000 -0.012283 -0.090038 -0.001577 0.995861
1740547825.951183 0.003685 -0.000698 0.202570 -0.020166 -0.143838 -0.002717 0.989392
1740547826.066037 -0.015420 0.001576 0.255338 -0.029050 -0.201111 -0.003911 0.979130
1740547826.180892 -0.042540 0.005050 0.302169 -0.038757 -0.259376 -0.004986 0.964985
1740547826.295746 -0.076384 0.009694 0.343926 -0.049073 -0.315844 -0.005799 0.947523
1740547826.410600 -0.115659 0.015476 0.381476 -0.059064 -0.363500 -0.006599 0.929697
1740547826.525454 -0.159074 0.022363 0.415680 -0.068065 -0.402046 -0.007304 0.913057
1740547826.640309 -0.205338 0.030325 0.447405 -0.075443 -0.431704 -0.007786 0.898821
1740547826.755163 -0.253159 0.039330 0.477514 -0.080602 -0.453207 -0.007840 0.887719
1740547826.870017 -0.301277 0.049333 0.506855 -0.083020 -0.467740 -0.007189 0.879929
1740547826.984872 -0.349108 0.059980 0.535925 -0.082654 -0.476760 -0.005707 0.875120
1740547827.099726 -0.396729 0.070621 0.564878 -0.079893 -0.481764 -0.003447 0.872645
1740547827.214580 -0.444242 0.080591 0.593852 -0.075146 -0.484126 -0.000457 0.871765
1740547827.329434 -0.491752 0.089226 0.622988 -0.068809 -0.485090 0.003219 0.871747
1740547827.444289 -0.539361 0.095887 0.652417 -0.061261 -0.485800 0.007515 0.871888
1740547827.559143 -0.587133 0.100454 0.682131 -0.053093 -0.486866 0.012170 0.871777
1740547827.673997 -0.635096 0.103305 0.711987 -0.045137 -0.488410 0.016732 0.871286
1740547827.788851 -0.683277 0.104837 0.741835 -0.038231 -0.490552 0.020730 0.870326
1740547827.903706 -0.731702 0.105449 0.771526 -0.033213 -0.493426 0.023681 0.868831
1740547828.018560 -0.780398 0.105538 0.800910 -0.030869 -0.497150 0.025115 0.866751
1740547828.133415 -0.829391 0.105501 0.829839 -0.029909 -0.500584 0.025703 0.864789
1740547828.248269 -0.878709 0.105738 0.858163 -0.029323 -0.503229 0.026032 0.863263
1740547828.363123 -0.928377 0.106644 0.885733 -0.029322 -0.505576 0.026014 0.861891
1740547828.477977 -0.978423 0.108619 0.912400 -0.030111 -0.508111 0.025546 0.860386
1740547828.592832 -1.028865 0.112033 0.938035 -0.031881 -0.511305 0.024520 0.858458
1740547828.707686 -1.079106 0.115180 0.964069 -0.034523 -0.515212 0.022994 0.856058
1740547828.822540 -1.128941 0.117149 0.991050 -0.037623 -0.519477 0.021195 0.853393
1740547828.937394 -1.178686 0.118577 1.018246 -0.040757 -0.523730 0.019369 0.850689
1740547829.052249 -1.228657 0.120102 1.044926 -0.043507 -0.527607 0.017771 0.848187
1740547829.167103 -1.279161 0.122347 1.070380 -0.045475 -0.530768 0.016649 0.846133
1740547829.281957 -1.330282 0.125563 1.094408 -0.047885 -0.534030 0.015271 0.843971
1740547829.396812 -1.381883 0.129632 1.117324 -0.051319 -0.537511 0.013266 0.841589
1740547829.511666 -1.433814 0.134417 1.139467 -0.055148 -0.540375 0.010995 0.839543
1740547829.626520 -1.485927 0.139781 1.161172 -0.058739 -0.541806 0.008808 0.838402
1740547829.741374 -1.538073 0.145588 1.182778 -0.061505 -0.541027 0.007006 0.838724
1740547829.856229 -1.590104 0.151702 1.204623 -0.064659 -0.538270 0.004799 0.840275
1740547829.971083 -1.641869 0.157986 1.227043 -0.071252 -0.534956 0.000352 0.841870
1740547830.085937 -1.693222 0.164303 1.250376 -0.073356 -0.532266 -0.001190 0.843392
1740547830.200792 -1.744012 0.170519 1.274959 -0.070239 -0.530280 0.000599 0.844908
1740547830.315646 -1.794095 0.176545 1.301103 -0.067108 -0.528805 0.002420 0.846083
1740547830.430500 -1.843417 0.184239 1.328062 -0.064678 -0.527986 0.003849 0.846778
1740547830.545355 -1.892127 0.197366 1.353812 -0.062982 -0.528016 0.004895 0.846882
1740547830.660209 -1.942157 0.205189 1.378793 -0.062054 -0.529084 0.005578 0.846279
1740547830.775063 -1.993577 0.206607 1.403465 -0.061890 -0.531379 0.005865 0.844850
1740547830.889917 -2.045297 0.208412 1.427395 -0.062450 -0.535067 0.005748 0.842478
1740547831.004772 -2.097144 0.211399 1.450620 -0.062204 -0.539673 0.006183 0.839551
1740547831.119626 -2.149086 0.215439 1.473256 -0.058154 -0.543888 0.009075 0.837091
1740547831.234480 -2.201093 0.220402 1.495417 -0.058213 -0.546799 0.009245 0.835187
1740547831.349334 -2.253133 0.226162 1.517217 -0.063080 -0.548553 0.006177 0.833710
1740547831.464189 -2.305175 0.232587 1.538769 -0.067613 -0.549461 0.003254 0.832773
1740547831.579043 -2.357188 0.239550 1.560187 -0.071134 -0.549573 0.000933 0.832411
1740547831.693897 -2.409140 0.246922 1.581586 -0.073643 -0.548897 -0.000783 0.832640
1740547831.808752 -2.461001 0.254573 1.603080 -0.075136 -0.547435 -0.001891 0.833466
1740547831.923606 -2.512740 0.262376 1.624782 -0.075608 -0.545191 -0.002411 0.834892
1740547832.038460 -2.564324 0.270201 1.646807 -0.075159 -0.542186 -0.002412 0.836887
1740547832.153315 -2.615724 0.277919 1.669268 -0.074003 -0.538460 -0.002027 0.839393
1740547832.268169 -2.666907 0.285401 1.692280 -0.072363 -0.534057 -0.001392 0.842345
1740547832.383023 -2.717842 0.292519 1.715956 -0.070523 -0.529253 -0.000660 0.845528
1740547832.497877 -2.768499 0.299149 1.740409 -0.068850 -0.524642 -0.000014 0.848534
1740547832.612732 -2.818836 0.305300 1.765702 -0.067727 -0.520856 0.000366 0.850954
1740547832.727586 -2.868804 0.311122 1.791845 -0.067509 -0.518507 0.000320 0.852404
1740547832.842440 -2.918354 0.316773 1.818841 -0.068070 -0.517772 -0.000062 0.852806
1740547832.957295 -2.967584 0.322474 1.846413 -0.068861 -0.518448 -0.000474 0.852332
1740547833.072149 -3.016792 0.328528 1.873904 -0.069321 -0.520318 -0.000603 0.851154
1740547833.187003 -3.066288 0.335247 1.900629 -0.069103 -0.523162 -0.000254 0.849427
1740547833.301857 -3.116371 0.342908 1.925937 -0.068635 -0.526794 0.000308 0.847217
1740547833.416712 -3.167119 0.351196 1.949757 -0.068491 -0.531036 0.000725 0.844576
1740547833.531566 -3.218418 0.359288 1.972524 -0.069179 -0.535478 0.000654 0.841711
1740547833.646420 -3.270148 0.366343 1.994686 -0.071115 -0.539403 -0.000242 0.839040
1740547833.761275 -3.322172 0.371934 2.016619 -0.074340 -0.542076 -0.002064 0.837032
1740547833.876129 -3.374306 0.376791 2.038486 -0.078034 -0.542793 -0.004352 0.836222
1740547833.990983 -3.426355 0.381845 2.060414 -0.081726 -0.541271 -0.006828 0.836839
1740547834.105838 -3.478127 0.388024 2.082530 -0.085405 -0.537789 -0.009480 0.838689
1740547834.220692 -3.529428 0.396258 2.104961 -0.089224 -0.533191 -0.012379 0.841186
1740547834.335546 -3.580099 0.406993 2.127892 -0.093114 -0.528378 -0.015431 0.843746
1740547834.450400 -3.630068 0.419484 2.151646 -0.097162 -0.523728 -0.018607 0.846122
1740547834.565255 -3.679276 0.432806 2.176570 -0.101660 -0.519190 -0.022017 0.848305
1740547834.680109 -3.727799 0.446098 2.202752 -0.101253 -0.514590 -0.022369 0.851143
1740547834.794963 -3.776080 0.458680 2.229610 -0.092267 -0.510487 -0.017457 0.854743
1740547834.909817 -3.824597 0.469981 2.256473 -0.080387 -0.508626 -0.010578 0.857161
1740547835.024672 -3.873445 0.480801 2.283085 -0.068466 -0.509128 -0.003398 0.857957
1740547835.139526 -3.922412 0.492428 2.309598 -0.056301 -0.511006 0.004102 0.857722
1740547835.254380 -3.971271 0.498624 2.337114 -0.044356 -0.514026 0.011580 0.856549
1740547835.369235 -4.020227 0.495369 2.365628 -0.033069 -0.517595 0.018638 0.854783
1740547835.484089 -4.070155 0.490634 2.392367 -0.022800 -0.521069 0.024974 0.852844
1740547835.598943 -4.120981 0.487470 2.417129 -0.012950 -0.524255 0.030991 0.850899
1740547835.713798 -4.172045 0.484705 2.441426 -0.002589 -0.527333 0.037320 0.848835
1740547835.828652 -4.223223 0.482098 2.465538 0.003703 -0.531035 0.041143 0.846342
1740547835.943506 -4.274501 0.479618 2.489487 0.002941 -0.535249 0.040514 0.843717
1740547836.058360 -4.325865 0.477232 2.513296 0.001199 -0.537946 0.039235 0.842065
1740547836.173215 -4.377298 0.474907 2.536988 0.000726 -0.539055 0.038809 0.841376
1740547836.288069 -4.428788 0.472611 2.560586 0.000640 -0.539765 0.038678 0.840927
1740547836.402923 -4.480318 0.470312 2.584112 0.000783 -0.540279 0.038737 0.840593
1740547836.517778 -4.531876 0.467977 2.607589 0.001163 -0.540599 0.038974 0.840377
1740547836.632632 -4.583446 0.465573 2.631040 0.001790 -0.540724 0.039373 0.840277
1740547836.747486 -4.635013 0.463068 2.654488 0.002663 -0.540653 0.039934 0.840293
1740547836.862340 -4.686563 0.460429 2.677956 0.003782 -0.540388 0.040659 0.840425
1740547836.977195 -4.738082 0.457624 2.701466 0.005147 -0.539925 0.041547 0.840671
1740547837.092049 -4.789555 0.454621 2.725041 0.006740 -0.539279 0.042588 0.841023
1740547837.206903 -4.840967 0.451387 2.748704 0.008462 -0.538519 0.043716 0.841436
1740547837.321758 -4.892304 0.447890 2.772478 0.010187 -0.537735 0.044848 0.841858
1740547837.436612 -4.943551 0.444096 2.796386 0.011795 -0.537018 0.045904 0.842238
1740547837.551466 -4.994694 0.439974 2.820450 0.013174 -0.536448 0.046808 0.842532
1740547837.666321 -5.045727 0.435514 2.844679 0.014274 -0.536065 0.047527 0.842717
1740547837.781175 -5.096693 0.430816 2.869010 0.015061 -0.535899 0.048035 0.842780
1740547837.896029 -5.147643 0.426010 2.893365 0.015500 -0.535977 0.048309 0.842707
1740547838.010883 -5.198633 0.421227 2.917662 0.015557 -0.536327 0.048323 0.842482
1740547838.125738 -5.249708 0.416580 2.941831 0.015196 -0.536977 0.048055 0.842090
1740547838.240592 -5.300880 0.412105 2.965847 0.014400 -0.537941 0.047492 0.841521
1740547838.355446 -5.352151 0.407815 2.989701 0.013234 -0.539172 0.046677 0.840797
1740547838.470300 -5.403523 0.403726 3.013380 0.011785 -0.540606 0.045668 0.839953
1740547838.585155 -5.454998 0.399852 3.036876 0.010140 -0.542180 0.044526 0.839021
1740547838.700009 -5.506577 0.396207 3.060175 0.008374 -0.543840 0.043301 0.838030
1740547838.814863 -5.558264 0.392805 3.083268 0.006502 -0.545573 0.042004 0.836985
1740547838.929718 -5.610060 0.389661 3.106144 0.004523 -0.547379 0.040636 0.835885
1740547839.044572 -5.661966 0.386789 3.128791 0.002436 -0.549258 0.039199 0.834729
1740547839.159426 -5.713986 0.384203 3.151199 0.000241 -0.551208 0.037692 0.833516
1740547839.274281 -5.766120 0.381918 3.173357 -0.002009 -0.553177 0.036146 0.832277
1740547839.389135 -5.818371 0.379947 3.195255 -0.003541 -0.554359 0.035100 0.831529
1740547839.503989 -5.870742 0.378306 3.216880 -0.004177 -0.554544 0.034676 0.831421
1740547839.618843 -5.923233 0.377009 3.238223 -0.004047 -0.553833 0.034778 0.831891
1740547839.733698 -5.975848 0.376069 3.259272 -0.003283 -0.552325 0.035312 0.832874
1740547839.848552 -6.028557 0.375434 3.280082 -0.002017 -0.550117 0.036186 0.834300
1740547839.963406 -6.080905 0.374085 3.301663 -0.000382 -0.547304 0.037311 0.836102
1740547840.078261 -6.132774 0.371802 3.324277 0.001483 -0.543980 0.038604 0.838209
1740547840.193115 -6.184229 0.368777 3.347787 0.003443 -0.540241 0.039980 0.840553
1740547840.307969 -6.235335 0.365203 3.372058 0.005363 -0.536187 0.041351 0.843069
1740547840.422823 -6.286156 0.361270 3.396954 0.007062 -0.531971 0.042587 0.845661
1740547840.537678 -6.336756 0.357173 3.422340 0.007623 -0.528523 0.043078 0.847791
1740547840.652532 -6.387199 0.353102 3.448080 0.006728 -0.526174 0.042625 0.849281
1740547840.767386 -6.437550 0.349250 3.474038 0.004418 -0.524900 0.041260 0.850152
1740547840.882241 -6.487873 0.345810 3.500077 0.001535 -0.524413 0.039508 0.850546
1740547840.997095 -6.538233 0.342972 3.526064 -0.001379 -0.524631 0.037706 0.850493
1740547841.111949 -6.588694 0.340931 3.551860 -0.004160 -0.525441 0.035963 0.850059
1740547841.226804 -6.639319 0.339877 3.577332 -0.006652 -0.526731 0.034387 0.849310
1740547841.341658 -6.690159 0.339946 3.602375 -0.008697 -0.528387 0.033086 0.848314
1740547841.456512 -6.741096 0.340216 3.627210 -0.010137 -0.530296 0.032165 0.847141
1740547841.571366 -6.792140 0.340157 3.651807 -0.010812 -0.532348 0.031725 0.845862
1740547841.686221 -6.843293 0.339746 3.676171 -0.010572 -0.534440 0.031862 0.844540
1740547841.801075 -6.894553 0.338964 3.700308 -0.009429 -0.536624 0.032565 0.843140
1740547841.915929 -6.945922 0.337790 3.724226 -0.007561 -0.539091 0.033717 0.841539
1740547842.030783 -6.997400 0.336207 3.747932 -0.005951 -0.542285 0.034698 0.839457
1740547842.145638 -7.048987 0.334194 3.771433 -0.005273 -0.546450 0.035066 0.836741
1740547842.260492 -7.100686 0.331746 3.794724 -0.005821 -0.551856 0.034606 0.833201
1740547842.375346 -7.152574 0.329073 3.817594 -0.007166 -0.557775 0.033583 0.829282
1740547842.490201 -7.204778 0.326546 3.839684 -0.007706 -0.562295 0.033111 0.826238
1740547842.605055 -7.257425 0.324541 3.860628 -0.007862 -0.567030 0.032907 0.823002
1740547842.719909 -7.310646 0.323433 3.880062 -0.007706 -0.571912 0.032935 0.819617
1740547842.834764 -7.364568 0.323598 3.897621 -0.007289 -0.576749 0.033159 0.816215
1740547842.949618 -7.418751 0.324472 3.914207 -0.006501 -0.581206 0.033648 0.813034
1740547843.064472 -7.472434 0.323909 3.932381 -0.005111 -0.584839 0.034557 0.810397
1740547843.179326 -7.526307 0.322395 3.950043 -0.002896 -0.587202 0.036065 0.808631
1740547843.294181 -7.580326 0.320004 3.967275 0.000361 -0.587845 0.038359 0.808063
1740547843.409035 -7.634394 0.316810 3.984312 0.004869 -0.586305 0.041630 0.809005
1740547843.523889 -7.688414 0.312890 4.001385 0.010160 -0.583087 0.045528 0.811070
1740547843.638743 -7.742287 0.308318 4.018729 0.014617 -0.579919 0.048827 0.813078
1740547843.753598 -7.795915 0.303172 4.036577 0.018444 -0.575357 0.051765 0.816055
1740547843.868452 -7.849201 0.297526 4.055162 0.021444 -0.569882 0.054199 0.819657
1740547843.983306 -7.902047 0.291457 4.074716 0.023426 -0.564112 0.055978 0.823466
1740547844.098161 -7.954355 0.285039 4.095474 0.024276 -0.558593 0.056991 0.827126
1740547844.213015 -8.006036 0.278356 4.117649 0.024232 -0.553500 0.057379 0.830517
1740547844.327869 -8.057186 0.271612 4.141068 0.023633 -0.548893 0.057361 0.833587
1740547844.442724 -8.108071 0.265124 4.165206 0.022818 -0.544829 0.057153 0.836286
1740547844.557578 -8.158959 0.259214 4.189524 0.022127 -0.541368 0.056970 0.838562
1740547844.672432 -8.210070 0.254105 4.213578 0.021901 -0.538569 0.057027 0.840364
1740547844.787287 -8.261360 0.249558 4.237375 0.022482 -0.536480 0.057539 0.841649
1740547844.902141 -8.312711 0.245191 4.261062 0.024036 -0.534938 0.058620 0.842512
1740547845.016995 -8.364004 0.240624 4.284781 0.026401 -0.533662 0.060192 0.843140
1740547845.131849 -8.415120 0.235477 4.308678 0.029385 -0.532372 0.062154 0.843714
1740547845.246704 -8.465940 0.229369 4.332896 0.032723 -0.530868 0.064355 0.844374
1740547845.361558 -8.516348 0.221927 4.357578 0.035801 -0.529344 0.066395 0.845047
1740547845.476412 -8.566334 0.213133 4.382745 0.037905 -0.528117 0.067809 0.845611
1740547845.591266 -8.616052 0.203517 4.408235 0.038819 -0.527412 0.068442 0.845958
1740547845.706121 -8.665673 0.193654 4.433869 0.038846 -0.527250 0.068481 0.846055
1740547845.820975 -8.715364 0.184119 4.459470 0.037848 -0.527487 0.067853 0.846003
1740547845.935829 -8.765294 0.175487 4.484860 0.035613 -0.527953 0.066445 0.845921
1740547846.050683 -8.815629 0.168319 4.509861 0.032204 -0.528355 0.064323 0.845970
1740547846.165538 -8.866411 0.162528 4.534372 0.028097 -0.528220 0.061819 0.846388
1740547846.280392 -8.917485 0.157334 4.558488 0.023804 -0.527062 0.059285 0.847422
1740547846.395247 -8.968649 0.152540 4.582529 0.019813 -0.524529 0.057043 0.849249
1740547846.510101 -9.019697 0.148048 4.606845 0.016469 -0.520947 0.055261 0.851639
1740547846.624955 -9.070426 0.143760 4.631790 0.014063 -0.516873 0.054060 0.854238
1740547846.739809 -9.120628 0.139576 4.657714 0.012387 -0.512955 0.053260 0.856672
1740547846.854664 -9.170099 0.135399 4.684969 0.010747 -0.509805 0.052419 0.858624
1740547846.969518 -9.218716 0.131163 4.713761 0.009005 -0.507639 0.051462 0.859984
1740547847.084372 -9.266807 0.126991 4.743504 0.007123 -0.506617 0.050365 0.860669
1740547847.199226 -9.314848 0.123065 4.773349 0.005061 -0.506895 0.049102 0.860593
1740547847.314081 -9.363316 0.119569 4.802448 0.002781 -0.508627 0.047644 0.859663
1740547847.428935 -9.412530 0.116621 4.830235 0.000240 -0.511967 0.045970 0.857774
1740547847.543789 -9.462442 0.114187 4.856793 -0.002575 -0.516933 0.044083 0.854886
1740547847.658644 -9.512955 0.112215 4.882295 -0.005520 -0.522852 0.042100 0.851365
1740547847.773498 -9.563971 0.110651 4.906915 -0.008393 -0.528839 0.040173 0.847729
1740547847.888352 -9.615392 0.109441 4.930827 -0.010993 -0.534027 0.038450 0.844521
1740547848.003206 -9.667121 0.108531 4.954204 -0.013171 -0.537801 0.037035 0.842155
1740547848.118061 -9.719060 0.107869 4.977221 -0.014904 -0.540097 0.035931 0.840703
1740547848.232915 -9.771111 0.107400 5.000050 -0.016185 -0.540926 0.035128 0.840180
1740547848.347769 -9.823176 0.107071 5.022867 -0.017011 -0.540293 0.034619 0.840593
1740547848.462624 -9.875158 0.106829 5.045844 -0.017379 -0.538195 0.034400 0.841939
1740547848.577478 -9.926958 0.106619 5.069155 -0.017289 -0.534626 0.034470 0.844208
1740547848.692332 -9.978479 0.106388 5.092975 -0.016765 -0.529649 0.034816 0.847337
1740547848.807187 -10.029624 0.106083 5.117476 -0.015954 -0.523771 0.035341 0.850976
1740547848.922041 -10.080294 0.105650 5.142833 -0.015055 -0.517676 0.035919 0.854690
1740547849.036895 -10.130392 0.105035 5.169219 -0.014268 -0.512058 0.036429 0.858059
1740547849.151749 -10.179820 0.104185 5.196809 -0.013733 -0.507396 0.036787 0.860818
1740547849.266604 -10.228529 0.103071 5.225687 -0.013492 -0.503778 0.036968 0.862936
1740547849.381458 -10.276770 0.101814 5.255414 -0.013570 -0.501249 0.036952 0.864407
1740547849.496312 -10.324902 0.100589 5.285353 -0.013997 -0.499854 0.036719 0.865218
1740547849.611166 -10.373285 0.099571 5.314871 -0.014801 -0.499634 0.036250 0.865351
1740547849.726021 -10.422128 0.098871 5.343594 -0.016016 -0.500630 0.035531 0.864784
1740547849.840875 -10.471383 0.098482 5.371605 -0.017650 -0.502801 0.034560 0.863531
1740547849.955729 -10.520976 0.098390 5.399032 -0.019582 -0.505645 0.033414 0.861872
1740547850.070584 -10.570831 0.098577 5.426002 -0.021642 -0.508502 0.032197 0.860187
1740547850.185438 -10.620875 0.099027 5.452643 -0.023657 -0.510779 0.031012 0.858827
1740547850.300292 -10.671034 0.099724 5.479082 -0.025510 -0.512155 0.029925 0.857992
1740547850.415147 -10.721232 0.100652 5.505447 -0.027185 -0.512699 0.028943 0.857650
1740547850.530001 -10.771397 0.101794 5.531864 -0.028674 -0.512519 0.028062 0.857738
1740547850.644855 -10.821457 0.103134 5.558457 -0.029974 -0.511720 0.027284 0.858196
1740547850.759709 -10.871382 0.104648 5.585276 -0.031079 -0.510409 0.026611 0.858958
1740547850.874564 -10.921168 0.106310 5.612331 -0.031986 -0.508689 0.026044 0.859962
1740547850.989418 -10.970813 0.108092 5.639628 -0.032690 -0.506666 0.025588 0.861142
1740547851.104272 -11.020311 0.109968 5.667175 -0.033190 -0.504446 0.025246 0.862436
1740547851.219127 -11.069660 0.111911 5.694981 -0.033481 -0.502128 0.025021 0.863783
1740547851.333981 -11.118856 0.113893 5.723052 -0.033563 -0.499752 0.024916 0.865159
1740547851.448835 -11.167896 0.115887 5.751397 -0.033435 -0.497329 0.024934 0.866559
1740547851.563689 -11.216776 0.117867 5.780022 -0.033045 -0.495176 0.025112 0.867801
1740547851.678544 -11.265493 0.119805 5.808936 -0.032280 -0.493957 0.025522 0.868512
1740547851.793398 -11.314043 0.121674 5.838146 -0.031039 -0.494334 0.026232 0.868322
1740547851.908252 -11.362422 0.123448 5.867660 -0.029681 -0.496273 0.027044 0.867238
1740547852.023107 -11.410634 0.125096 5.897472 -0.029153 -0.498847 0.027399 0.865766
1740547852.137961 -11.458878 0.126503 5.927234 -0.030132 -0.501132 0.026872 0.864428
1740547852.252815 -11.507571 0.127459 5.956207 -0.031287 -0.502630 0.026221 0.863537
1740547852.367670 -11.557131 0.127763 5.983655 -0.031794 -0.503311 0.025931 0.863131
1740547852.482524 -11.607534 0.127856 6.009596 -0.031816 -0.503343 0.025916 0.863112
1740547852.597378 -11.658183 0.129000 6.035023 -0.031535 -0.502890 0.026075 0.863381
1740547852.712232 -11.708485 0.132121 6.060952 -0.031181 -0.501809 0.026264 0.864017
1740547852.827087 -11.758126 0.135481 6.088056 -0.031038 -0.499611 0.026300 0.865294
1740547852.941941 -11.807087 0.137976 6.116439 -0.031392 -0.495800 0.026017 0.867479
1740547853.056795 -11.855468 0.139777 6.145902 -0.032072 -0.490568 0.025535 0.870438
1740547853.171649 -11.903373 0.141082 6.176243 -0.032307 -0.485009 0.025308 0.873545
1740547853.286504 -11.950904 0.142089 6.207258 -0.031579 -0.480236 0.025620 0.876196
1740547853.401358 -11.998165 0.142994 6.238742 -0.031409 -0.476929 0.025625 0.878007
1740547853.516212 -12.045259 0.143994 6.270494 -0.032827 -0.475302 0.024782 0.878861
1740547853.631067 -12.092289 0.145287 6.302308 -0.035860 -0.475360 0.023096 0.878757
1740547853.745921 -12.139359 0.147069 6.333982 -0.040277 -0.477215 0.020706 0.877619
1740547853.860775 -12.186571 0.149539 6.365312 -0.044978 -0.481047 0.018219 0.875351
1740547853.975630 -12.234029 0.152894 6.396094 -0.049611 -0.485799 0.015810 0.872518
1740547854.090484 -12.281837 0.157330 6.426124 -0.053991 -0.490220 0.013553 0.869819
1740547854.205338 -12.330097 0.163045 6.455199 -0.057948 -0.493363 0.011501 0.867815
1740547854.320192 -12.378999 0.169926 6.483003 -0.061380 -0.495156 0.009690 0.866579
1740547854.435047 -12.428803 0.176739 6.509223 -0.064196 -0.495689 0.008152 0.866086
1740547854.549901 -12.478943 0.183288 6.534862 -0.066311 -0.495048 0.006927 0.866304
1740547854.664755 -12.528711 0.189615 6.561132 -0.067644 -0.493311 0.006065 0.867198
1740547854.779610 -12.577595 0.195770 6.588913 -0.068111 -0.490552 0.005616 0.868728
1740547854.894464 -12.625652 0.201833 6.618108 -0.067856 -0.486717 0.005485 0.870903
1740547855.009318 -12.673044 0.207892 6.648441 -0.067882 -0.481667 0.005089 0.873707
1740547855.124172 -12.719933 0.214031 6.679634 -0.068487 -0.476511 0.004353 0.876486
1740547855.239027 -12.766480 0.220338 6.711411 -0.069655 -0.472438 0.003398 0.878600
1740547855.353881 -12.812848 0.226898 6.743496 -0.070882 -0.469961 0.002543 0.879833
1740547855.468735 -12.859198 0.233798 6.775611 -0.071481 -0.468651 0.002113 0.880484
1740547855.583590 -12.905692 0.241125 6.807480 -0.070741 -0.467913 0.002426 0.880936
1740547855.698444 -12.952492 0.248963 6.838826 -0.067954 -0.467137 0.003812 0.881562
1740547855.813298 -12.999664 0.257208 6.869537 -0.062723 -0.465811 0.006445 0.882635
1740547855.928153 -13.047004 0.265196 6.899974 -0.055864 -0.463838 0.009887 0.884102
1740547856.043007 -13.094255 0.272168 6.930584 -0.048456 -0.461246 0.013576 0.885844
1740547856.157861 -13.141163 0.277360 6.961811 -0.041135 -0.458406 0.017217 0.887624
1740547856.272715 -13.187472 0.280011 6.994103 -0.034038 -0.455787 0.020776 0.889195
1740547856.387570 -13.232995 0.279736 7.027760 -0.026953 -0.453490 0.024364 0.890520
1740547856.502424 -13.277814 0.277676 7.062493 -0.020011 -0.451915 0.027906 0.891400
1740547856.617278 -13.322100 0.275313 7.097849 -0.013508 -0.451429 0.031240 0.891658
1740547856.732132 -13.366373 0.273517 7.133161 -0.008484 -0.451516 0.033821 0.891581
1740547856.846987 -13.411253 0.272497 7.167747 -0.006364 -0.451232 0.034912 0.891701
1740547856.961841 -13.456863 0.271860 7.201408 -0.008957 -0.450370 0.033595 0.892165
1740547857.076695 -13.503227 0.271097 7.234036 -0.017418 -0.450373 0.029343 0.892188
1740547857.191550 -13.550298 0.269818 7.265634 -0.029684 -0.450899 0.023206 0.891779
1740547857.306404 -13.597421 0.268619 7.297127 -0.043912 -0.451122 0.016104 0.891236
1740547857.421258 -13.643644 0.268588 7.329897 -0.058788 -0.450161 0.008654 0.890968
1740547857.536113 -13.688471 0.271640 7.364277 -0.073488 -0.447678 0.001216 0.891169
1740547857.650967 -13.732698 0.280249 7.398122 -0.087242 -0.443463 -0.005895 0.892017
1740547857.765821 -13.776443 0.293302 7.431500 -0.099010 -0.437645 -0.012211 0.893597
1740547857.880675 -13.819737 0.309386 7.464717 -0.106993 -0.432675 -0.016691 0.895023
1740547857.995530 -13.862612 0.327091 7.498076 -0.112120 -0.429841 -0.019629 0.895701
1740547858.110384 -13.905100 0.345006 7.531882 -0.115121 -0.429084 -0.021299 0.895645
1740547858.225238 -13.947231 0.361720 7.566438 -0.115971 -0.428221 -0.021901 0.895934
1740547858.340093 -13.989220 0.375648 7.601906 -0.116344 -0.426909 -0.022295 0.896502
1740547858.454947 -14.032471 0.385041 7.637252 -0.116415 -0.425484 -0.022543 0.897164
1740547858.569801 -14.076651 0.391892 7.672265 -0.116220 -0.424313 -0.022626 0.897741
1740547858.684655 -14.120951 0.398901 7.707041 -0.115787 -0.423759 -0.022511 0.898062
1740547858.799510 -14.164572 0.408727 7.741674 -0.115357 -0.424124 -0.022263 0.897951
1740547858.914364 -14.207203 0.422388 7.776220 -0.116216 -0.425248 -0.022499 0.897303
1740547859.029218 -14.249192 0.438661 7.810680 -0.119935 -0.425547 -0.024200 0.896627
1740547859.144073 -14.290934 0.456165 7.845053 -0.125137 -0.425065 -0.026719 0.896073
1740547859.258927 -14.332825 0.473518 7.879336 -0.129950 -0.424326 -0.029088 0.895664
1740547859.373781 -14.375175 0.489611 7.913537 -0.132538 -0.423860 -0.030373 0.895463
1740547859.488636 -14.417936 0.504467 7.947696 -0.132338 -0.423821 -0.030288 0.895514
1740547859.603490 -14.460969 0.518404 7.981864 -0.130576 -0.423820 -0.029462 0.895800
1740547859.718344 -14.504132 0.531741 8.016091 -0.128603 -0.423437 -0.028589 0.896295
1740547859.833198 -14.547286 0.544797 8.050427 -0.127708 -0.422445 -0.028313 0.896900
1740547859.948053 -14.590291 0.557890 8.084923 -0.128927 -0.420848 -0.029125 0.897450
1740547860.062907 -14.633005 0.571338 8.119630 -0.132413 -0.418932 -0.031042 0.897775
1740547860.177761 -14.675290 0.585460 8.154596 -0.138081 -0.417046 -0.033954 0.897693
1740547860.292615 -14.717010 0.600571 8.189864 -0.144833 -0.415415 -0.037313 0.897252
1740547860.407470 -14.758169 0.616903 8.225291 -0.149746 -0.414039 -0.039786 0.896976
1740547860.522324 -14.798888 0.634613 8.260573 -0.152254 -0.413084 -0.041095 0.896935
1740547860.637178 -14.839297 0.653856 8.295397 -0.152780 -0.412769 -0.041391 0.896977
1740547860.752033 -14.879523 0.674784 8.329452 -0.151743 -0.413304 -0.040816 0.896933
1740547860.866887 -14.919852 0.696364 8.362921 -0.149553 -0.414885 -0.039506 0.896629
1740547860.981741 -14.960834 0.715448 8.396896 -0.146656 -0.417526 -0.037652 0.895961
1740547861.096596 -15.002566 0.731674 8.431475 -0.143530 -0.421078 -0.035517 0.894892
1740547861.211450 -15.044968 0.745812 8.466346 -0.140439 -0.425394 -0.033270 0.893426
1740547861.326304 -15.087955 0.758630 8.501195 -0.136647 -0.430363 -0.030598 0.891728
1740547861.441158 -15.131447 0.770900 8.535709 -0.132161 -0.435895 -0.027506 0.889816
1740547861.556013 -15.175361 0.783390 8.569574 -0.129032 -0.440957 -0.025156 0.887848
1740547861.670867 -15.219615 0.796872 8.602477 -0.127521 -0.445568 -0.023694 0.885802
1740547861.785721 -15.264178 0.811848 8.634168 -0.127535 -0.452367 -0.022638 0.882375
1740547861.900576 -15.309260 0.827600 8.664682 -0.128181 -0.458889 -0.021971 0.878924
1740547862.015430 -15.355051 0.843106 8.694253 -0.129389 -0.463681 -0.021885 0.876230
1740547862.130284 -15.400806 0.857819 8.724297 -0.131356 -0.467630 -0.022319 0.873825
1740547862.245138 -15.446526 0.871671 8.754789 -0.133456 -0.470638 -0.022959 0.871873
1740547862.359993 -15.494040 0.884937 8.782670 -0.135267 -0.472597 -0.023597 0.870516
1740547862.474847 -15.541732 0.897692 8.810524 -0.137350 -0.473366 -0.024563 0.869745
1740547862.589701 -15.588548 0.910841 8.839653 -0.140520 -0.472907 -0.026311 0.869437
1740547862.704556 -15.635017 0.925265 8.868773 -0.145353 -0.472364 -0.028946 0.868854
1740547862.819410 -15.681112 0.940965 8.897875 -0.151895 -0.471683 -0.032494 0.867979
1740547862.934264 -15.726799 0.957938 8.926958 -0.159560 -0.468146 -0.037198 0.868330
1740547863.049119 -15.772045 0.976178 8.956022 -0.168582 -0.464045 -0.042741 0.868571
1740547863.163973 -15.816818 0.995683 8.985066 -0.178432 -0.460710 -0.048550 0.868073
1740547863.278827 -15.861083 1.016447 9.014091 -0.188270 -0.457181 -0.054396 0.867514
1740547863.393681 -15.904808 1.038466 9.043095 -0.198090 -0.453450 -0.060284 0.866896
1740547863.508536 -15.947960 1.061737 9.072078 -0.207865 -0.449534 -0.066200 0.866215
1740547863.623390 -15.990505 1.086255 9.101039 -0.217389 -0.445575 -0.072011 0.865459
1740547863.738244 -16.032411 1.112015 9.129979 -0.226381 -0.441777 -0.077525 0.864624
1740547863.853098 -16.073645 1.139015 9.158897 -0.234570 -0.438347 -0.082548 0.863721
1740547863.967953 -16.114172 1.167249 9.187792 -0.241689 -0.435499 -0.086880 0.862774
1740547864.082807 -16.153985 1.196682 9.216660 -0.247471 -0.433449 -0.090316 0.861814
1740547864.197661 -16.193242 1.227043 9.245460 -0.251657 -0.432415 -0.092644 0.860874
1740547864.312515 -16.232179 1.257961 9.274136 -0.253980 -0.432613 -0.093642 0.859984
1740547864.427370 -16.271031 1.289064 9.302635 -0.254168 -0.434256 -0.093085 0.859160
1740547864.542224 -16.310032 1.319980 9.330899 -0.251934 -0.437550 -0.090754 0.858395
1740547864.657079 -16.349419 1.350336 9.358875 -0.246999 -0.442673 -0.086466 0.857646
1740547864.771933 -16.389426 1.379760 9.386507 -0.239255 -0.449644 -0.080175 0.856825
1740547864.886787 -16.430288 1.407880 9.413739 -0.229242 -0.458225 -0.072222 0.855723
1740547865.001641 -16.472240 1.434324 9.440517 -0.218711 -0.467824 -0.063678 0.853962
1740547865.116496 -16.515517 1.458719 9.466785 -0.209589 -0.477864 -0.055770 0.851239
1740547865.231350 -16.560356 1.480693 9.492487 -0.203378 -0.487868 -0.049539 0.847448
1740547865.346204 -16.606988 1.499878 9.517568 -0.200151 -0.497569 -0.045184 0.842807
1740547865.461059 -16.655327 1.516612 9.541879 -0.199708 -0.506737 -0.042681 0.837563
1740547865.575913 -16.704590 1.532768 9.565067 -0.201882 -0.515133 -0.041975 0.831937
1740547865.690767 -16.753900 1.550424 9.586752 -0.206532 -0.522505 -0.043014 0.826125
1740547865.805621 -16.802592 1.571090 9.606704 -0.213513 -0.528586 -0.045776 0.820313
1740547865.920476 -16.850640 1.594556 9.625139 -0.222637 -0.533106 -0.050261 0.814681
1740547866.035330 -16.898142 1.620281 9.642360 -0.233286 -0.535997 -0.056155 0.809402
1740547866.150184 -16.945194 1.647725 9.658671 -0.244094 -0.537658 -0.062501 0.804634
1740547866.265038 -16.991893 1.676349 9.674373 -0.253676 -0.538580 -0.068278 0.800574
1740547866.379893 -17.038335 1.705612 9.689771 -0.261090 -0.539205 -0.072762 0.797368
1740547866.494747 -17.084616 1.734975 9.705166 -0.266703 -0.539758 -0.076133 0.794817
1740547866.609601 -17.130807 1.764107 9.720725 -0.268555 -0.540007 -0.077211 0.793920
1740547866.724456 -17.176909 1.793151 9.736304 -0.264532 -0.539549 -0.074781 0.795813
1740547866.839310 -17.222919 1.822319 9.751714 -0.257832 -0.538645 -0.070827 0.798979
1740547866.954164 -17.268831 1.851821 9.766768 -0.251424 -0.537574 -0.067148 0.802054
1740547867.069019 -17.314641 1.881867 9.781278 -0.246429 -0.536540 -0.064358 0.804522
1740547867.183873 -17.361254 1.909626 9.797044 -0.243132 -0.535677 -0.062569 0.806240
1740547867.298727 -17.409568 1.932156 9.816152 -0.241414 -0.535023 -0.061692 0.807257
1740547867.413581 -17.458561 1.952800 9.836756 -0.241080 -0.534605 -0.061630 0.807638
1740547867.528436 -17.507280 1.974652 9.857113 -0.241935 -0.534443 -0.062288 0.807440
1740547867.643290 -17.555453 1.998459 9.876663 -0.243792 -0.534552 -0.063565 0.806709
1740547867.758144 -17.603050 2.024140 9.895260 -0.249122 -0.535375 -0.066847 0.804266
1740547867.872998 -17.650040 2.051613 9.912759 -0.260559 -0.537452 -0.073548 0.798652
1740547867.987853 -17.696393 2.080797 9.929016 -0.275205 -0.540500 -0.081907 0.790830
1740547868.102707 -17.742076 2.111609 9.943887 -0.290329 -0.544097 -0.090302 0.781993
1740547868.217561 -17.787061 2.143970 9.957225 -0.304569 -0.547195 -0.098239 0.773411
1740547868.332416 -17.831315 2.177797 9.968887 -0.317557 -0.549409 -0.105621 0.765605
1740547868.447270 -17.874808 2.213009 9.978728 -0.329250 -0.550923 -0.112369 0.758585
1740547868.562124 -17.917509 2.249523 9.986602 -0.339595 -0.551943 -0.118429 0.752336
1740547868.676979 -17.959404 2.287203 9.992745 -0.348555 -0.552659 -0.123725 0.746840
1740547868.791833 -18.000547 2.325692 9.998811 -0.356097 -0.553252 -0.128165 0.742078
1740547868.906687 -18.041070 2.364736 10.005490 -0.362191 -0.553897 -0.131649 0.738027
1740547869.021542 -18.081147 2.404191 10.012536 -0.366800 -0.554756 -0.134064 0.734663
1740547869.136396 -18.120953 2.443916 10.019688 -0.366824 -0.555620 -0.133508 0.734099
1740547869.251250 -18.160663 2.483769 10.026685 -0.364562 -0.556013 -0.131773 0.735241
1740547869.366104 -18.200450 2.523609 10.033264 -0.364878 -0.556696 -0.131549 0.734608
1740547869.480959 -18.240490 2.563293 10.039164 -0.367074 -0.557885 -0.132226 0.732487
1740547869.595813 -18.280957 2.602680 10.044123 -0.370044 -0.559310 -0.133264 0.729713
1740547869.710667 -18.324129 2.638658 10.050870 -0.372690 -0.560702 -0.134147 0.727131
1740547869.825521 -18.368032 2.673796 10.058377 -0.373936 -0.561791 -0.134333 0.725616
1740547869.940376 -18.409501 2.712350 10.063336 -0.372693 -0.562287 -0.133230 0.726073
1740547870.055230 -18.449293 2.753185 10.066706 -0.367836 -0.561901 -0.130260 0.729380
1740547870.170084 -18.488190 2.795122 10.069482 -0.359092 -0.560442 -0.125405 0.735685
1740547870.284939 -18.526978 2.836986 10.072659 -0.353925 -0.558771 -0.123068 0.739842
1740547870.399793 -18.566442 2.877598 10.077230 -0.354391 -0.558131 -0.123758 0.739987
1740547870.514647 -18.607366 2.915782 10.084191 -0.355844 -0.558331 -0.124576 0.739001
1740547870.629502 -18.650536 2.950359 10.094536 -0.358128 -0.559093 -0.125618 0.737143
1740547870.744356 -18.696193 2.981008 10.108407 -0.361162 -0.560152 -0.127018 0.734614
1740547870.859210 -18.741608 3.012084 10.121296 -0.364930 -0.561249 -0.128931 0.731575
1740547870.974064 -18.784233 3.047606 10.129146 -0.369456 -0.562122 -0.131518 0.728165
1740547871.088919 -18.824297 3.087117 10.132642 -0.375103 -0.562860 -0.134935 0.724071
1740547871.203773 -18.862420 3.129521 10.133140 -0.383817 -0.564669 -0.139616 0.717175
1740547871.318627 -18.899225 3.173726 10.132000 -0.396075 -0.567271 -0.146024 0.707110
1740547871.433481 -18.935332 3.218635 10.130577 -0.407815 -0.569738 -0.152114 0.697099
1740547871.548336 -18.971364 3.263154 10.130229 -0.415597 -0.571422 -0.156025 0.690226
1740547871.663190 -19.007978 3.306429 10.131545 -0.420253 -0.572324 -0.158339 0.686120
1740547871.778044 -19.045527 3.348891 10.132297 -0.423229 -0.572499 -0.160070 0.683740
1740547871.892899 -19.083579 3.390979 10.132228 -0.425946 -0.572194 -0.162074 0.681833
1740547872.007753 -19.121635 3.433077 10.131416 -0.429797 -0.572581 -0.164380 0.678532
1740547872.122607 -19.159197 3.475567 10.129940 -0.435432 -0.574140 -0.166949 0.672971
1740547872.237462 -19.195765 3.518831 10.127876 -0.442951 -0.576749 -0.169876 0.665055
1740547872.352316 -19.230841 3.563253 10.125302 -0.450884 -0.579318 -0.173061 0.656616
1740547872.467170 -19.264033 3.609070 10.121963 -0.458272 -0.581943 -0.175758 0.648412
1740547872.582024 -19.295569 3.655797 10.116344 -0.465560 -0.584073 -0.178717 0.640448
1740547872.696879 -19.326104 3.702919 10.108480 -0.472982 -0.585584 -0.182222 0.632594
1740547872.811733 -19.356357 3.749981 10.098954 -0.480157 -0.586884 -0.185686 0.624930
1740547872.926587 -19.387046 3.796527 10.088350 -0.486722 -0.588384 -0.188513 0.617551
1740547873.041442 -19.418821 3.842149 10.077247 -0.492299 -0.590275 -0.190266 0.610751
1740547873.156296 -19.450279 3.887917 10.066004 -0.496474 -0.591857 -0.191346 0.605480
1740547873.271150 -19.480545 3.934467 10.054614 -0.499533 -0.592989 -0.192108 0.601602
1740547873.386004 -19.509839 3.981621 10.043031 -0.501950 -0.593759 -0.192816 0.598597
1740547873.500859 -19.538382 4.029202 10.031206 -0.504234 -0.594160 -0.193834 0.595944
1740547873.615713 -19.566396 4.077032 10.019090 0.506903 0.594116 0.195590 -0.593145
1740547873.730567 -19.594103 4.124934 10.006636 0.509351 0.594367 0.196900 -0.590356
1740547873.845422 -19.621723 4.172730 9.993796 0.511136 0.595257 0.197097 -0.587845
1740547873.960276 -19.649474 4.220248 9.980523 0.512362 0.596611 0.196421 -0.585627
1740547874.075130 -19.677462 4.267428 9.966821 0.513124 0.598257 0.195115 -0.583714
1740547874.189985 -19.705678 4.314335 9.952747 0.513518 0.600021 0.193424 -0.582117
1740547874.304839 -19.734107 4.361040 9.938362 0.513645 0.601737 0.191607 -0.580834
1740547874.419693 -19.762731 4.407613 9.923724 0.513780 0.603218 0.190058 -0.579685
1740547874.534547 -19.791535 4.454123 9.908893 0.514321 0.604269 0.189263 -0.578371
1740547874.649402 -19.820503 4.500642 9.893930 0.515625 0.604768 0.189605 -0.576573
1740547874.764256 -19.849620 4.547238 9.878894 0.518009 0.604669 0.191352 -0.573956
1740547874.879110 -19.878845 4.593984 9.863834 0.521785 0.603920 0.194768 -0.570164
1740547874.993964 -19.907829 4.640951 9.848656 0.527252 0.602445 0.200120 -0.564817
1740547875.108819 -19.935999 4.688213 9.833163 0.534503 0.600216 0.207461 -0.557680
1740547875.223673 -19.962776 4.735845 9.817157 0.543239 0.597331 0.216427 -0.548859
1740547875.338527 -19.987584 4.783920 9.800439 0.553116 0.593905 0.226596 -0.538510
1740547875.453382 -20.009844 4.832514 9.782810 0.563788 0.590067 0.237526 -0.526826
1740547875.568236 -20.028982 4.881699 9.764074 0.574767 0.585998 0.248646 -0.514222
1740547875.683090 -20.044777 4.931488 9.744128 0.585500 0.581944 0.259303 -0.501292
1740547875.797945 -20.057720 4.981776 9.723069 0.595480 0.578195 0.268863 -0.488679
1740547875.912799 -20.068388 5.032441 9.701016 0.604255 0.575081 0.276713 -0.477061
1740547876.027653 -20.077356 5.083360 9.678087 0.611406 0.572966 0.282259 -0.467143
1740547876.142507 -20.085202 5.134412 9.654402 0.616516 0.572246 0.284924 -0.459630
1740547876.257362 -20.092501 5.185475 9.630079 0.619331 0.573191 0.284296 -0.455035
1740547876.372216 -20.099831 5.236428 9.605238 0.619874 0.575821 0.280336 -0.453429
1740547876.487070 -20.107767 5.287150 9.579998 0.618194 0.579199 0.274408 -0.455043
1740547876.601925 -20.116887 5.337518 9.554477 0.614698 0.575360 0.279116 -0.461738
1740547876.716779 -20.127767 5.387411 9.528795 0.610948 0.568613 0.288169 -0.469446
1740547876.831633 -20.140982 5.436707 9.503070 0.607838 0.563638 0.294546 -0.475488
1740547876.946487 -20.157111 5.485285 9.477422 0.605575 0.559961 0.299100 -0.479856
1740547877.061342 -20.175376 5.533696 9.453179 0.604277 0.556947 0.302879 -0.482622
1740547877.176196 -20.184216 5.587721 9.440776 0.604021 0.553922 0.306954 -0.483847
1740547877.291050 -20.188023 5.644095 9.431879 0.604888 0.550171 0.312364 -0.483581
1740547877.405905 -20.192990 5.699098 9.418587 0.606936 0.545180 0.319779 -0.481819
1740547877.520759 -20.198678 5.752960 9.401700 0.610171 0.538791 0.329306 -0.478491
1740547877.635613 -20.204554 5.805964 9.382145 0.614600 0.531837 0.339655 -0.473339
1740547877.750468 -20.210086 5.858396 9.360846 0.620361 0.533045 0.338993 -0.464864
1740547877.865322 -20.214747 5.910537 9.338721 0.625470 0.537534 0.333438 -0.456797
1740547877.980176 -20.218358 5.962582 9.316395 0.629060 0.540049 0.330148 -0.451256
1740547878.095030 -20.221277 6.014589 9.294022 0.632103 0.541103 0.328765 -0.446729
1740547878.209885 -20.223910 6.066601 9.271721 0.634397 0.541172 0.328743 -0.443398
1740547878.324739 -20.226663 6.118664 9.249608 0.635882 0.540386 0.330003 -0.441289
1740547878.439593 -20.229941 6.170823 9.227802 0.636807 0.539628 0.331212 -0.439974
1740547878.554447 -20.233836 6.223045 9.206175 0.637889 0.539157 0.332012 -0.438377
1740547878.669302 -20.237151 6.274947 9.183570 0.638842 0.538565 0.332971 -0.436987
1740547878.784156 -20.240172 6.326679 9.160653 0.638538 0.537150 0.335029 -0.437601
1740547878.899010 -20.242538 6.378645 9.138249 0.636231 0.534456 0.338890 -0.441271
1740547879.013865 -20.244785 6.430623 9.115775 0.633217 0.530913 0.344095 -0.445832
1740547879.128719 -20.246199 6.482398 9.092443 0.631225 0.527146 0.349797 -0.448680
1740547879.243573 -20.246921 6.534305 9.069382 0.634829 0.525742 0.352157 -0.443365
1740547879.358428 -20.247848 6.587131 9.049325 0.646343 0.528429 0.348398 -0.426172
1740547879.473282 -20.249557 6.641402 9.034034 0.653431 0.529139 0.347338 -0.415207
1740547879.588136 -20.251208 6.696498 9.021059 0.656631 0.527768 0.349295 -0.410231
1740547879.702990 -20.251598 6.751507 9.006871 0.656270 0.524805 0.353674 -0.410858
1740547879.817845 -20.247997 6.800621 8.981567 0.653584 0.521020 0.359431 -0.414940
1740547879.932699 -20.240311 6.839162 8.941167 0.650619 0.517319 0.365218 -0.419156
1740547880.047553 -20.234724 6.883602 8.909120 0.649024 0.514318 0.369982 -0.421139
1740547880.162408 -20.230816 6.932987 8.884116 0.648280 0.511777 0.373990 -0.421839
1740547880.277262 -20.228169 6.986368 8.864848 0.647252 0.509292 0.377897 -0.422943
1740547880.392116 -20.226363 7.042792 8.850008 0.641094 0.504663 0.385128 -0.431267
1740547880.506970 -20.224977 7.101308 8.838287 0.627408 0.496374 0.397631 -0.449290
1740547880.621825 -20.223593 7.160964 8.828377 0.617768 0.489750 0.407157 -0.461227
1740547880.736679 -20.221792 7.220808 8.818970 0.609610 0.483862 0.415218 -0.471006
1740547880.851533 -20.219153 7.279889 8.808758 0.601480 0.478181 0.422672 -0.480533
1740547880.966388 -20.215260 7.337259 8.796438 0.594634 0.472960 0.429201 -0.488371
1740547881.081242 -20.210202 7.392629 8.782124 0.590650 0.468572 0.434418 -0.492801
1740547881.196096 -20.205216 7.447208 8.769130 0.591213 0.465441 0.437882 -0.492028
1740547881.310951 -20.201682 7.502403 8.761179 0.593171 0.462717 0.440820 -0.489611
1740547881.425805 -20.199927 7.558863 8.759312 0.592903 0.459212 0.444805 -0.489631
1740547881.540659 -20.198434 7.615916 8.759891 0.589428 0.454327 0.450485 -0.493178
1740547881.655513 -20.195498 7.672761 8.758808 0.582761 0.448582 0.457280 -0.500059
1740547881.770368 -20.189478 7.728622 8.752088 0.574651 0.443884 0.463074 -0.508237
1740547881.885222 -20.182074 7.784268 8.743521 0.570403 0.440319 0.467315 -0.512227
1740547882.000076 -20.175108 7.840356 8.737872 0.572728 0.437345 0.470197 -0.509536
1740547882.114930 -20.168441 7.896560 8.735669 0.577289 0.433588 0.473557 -0.504462
1740547882.229785 -20.162619 7.952966 8.736183 0.581266 0.428875 0.477880 -0.499826
1740547882.344639 -20.159433 8.009671 8.738429 0.582020 0.423328 0.483415 -0.498353
1740547882.459493 -20.155270 8.066101 8.739418 0.581992 0.418109 0.488743 -0.497595
1740547882.574348 -20.147368 8.122138 8.737493 0.584051 0.413951 0.492715 -0.494733
1740547882.689202 -20.136611 8.177778 8.735837 0.588206 0.410831 0.495243 -0.489864
1740547882.804056 -20.123805 8.232979 8.734153 0.594063 0.407933 0.497108 -0.483285
1740547882.918911 -20.109904 8.287900 8.731779 0.601443 0.403764 0.499787 -0.474819
1740547883.033765 -20.095715 8.342675 8.728224 0.607350 0.398917 0.503316 -0.467616
1740547883.148619 -20.081348 8.397341 8.723787 0.610149 0.394278 0.507271 -0.463615
1740547883.263473 -20.066716 8.451904 8.718992 0.612220 0.390837 0.510177 -0.460601
1740547883.378328 -20.051730 8.506372 8.714363 0.613774 0.388190 0.512410 -0.458286
1740547883.493182 -20.036304 8.560751 8.710426 0.614848 0.385693 0.514618 -0.456476
1740547883.608036 -20.020348 8.615049 8.707702 0.615507 0.382839 0.517296 -0.454962
1740547883.722891 -20.003801 8.669235 8.706067 0.615990 0.379730 0.520266 -0.453526
1740547883.837745 -19.986676 8.723250 8.704600 0.616593 0.376650 0.523153 -0.451950
1740547883.952599 -19.969021 8.777094 8.703094 0.617586 0.373869 0.525601 -0.450059
1740547884.067453 -19.950886 8.830774 8.701416 0.618487 0.371567 0.527589 -0.448399
1740547884.182308 -19.932322 8.884297 8.699432 0.618450 0.369870 0.529277 -0.447863
1740547884.297162 -19.913377 8.937669 8.697007 0.617654 0.368825 0.530573 -0.448290
1740547884.412016 -19.894104 8.990897 8.694008 0.616184 0.368216 0.531664 -0.449519
1740547884.526870 -19.874572 9.043996 8.690352 0.614519 0.368025 0.532407 -0.451072
1740547884.641725 -19.855327 9.097189 8.687094 0.613182 0.368281 0.532600 -0.452453
1740547884.756579 -19.837122 9.150792 8.685846 0.612682 0.369471 0.531607 -0.453328
1740547884.871433 -19.819806 9.204750 8.686204 0.612866 0.371611 0.529460 -0.453842
1740547884.986288 -19.803025 9.258917 8.687304 0.612718 0.373608 0.527550 -0.454625
1740547885.101142 -19.786420 9.313151 8.688282 0.611213 0.374299 0.527353 -0.456309
1740547885.215996 -19.769673 9.367318 8.688251 0.608898 0.373400 0.528964 -0.458271
1740547885.330851 -19.753086 9.421458 8.685967 0.608445 0.372405 0.530066 -0.458409
1740547885.445705 -19.736854 9.475621 8.681490 0.609568 0.372029 0.530074 -0.457212
1740547885.560559 -19.720361 9.529682 8.677011 0.610758 0.373103 0.528660 -0.456385
1740547885.675413 -19.702935 9.583507 8.674857 0.611641 0.375631 0.525911 -0.456306
1740547885.790268 -19.684314 9.637034 8.675558 0.612422 0.377841 0.523475 -0.456235
1740547885.905122 -19.665156 9.690383 8.675775 0.613332 0.377507 0.523516 -0.455240
1740547886.019976 -19.646458 9.743883 8.674900 0.614536 0.374496 0.526125 -0.453090
1740547886.134831 -19.630147 9.798143 8.673448 0.616195 0.371767 0.528291 -0.450558
1740547886.249685 -19.616202 9.853097 8.671058 0.618823 0.371362 0.527859 -0.447788
1740547886.364539 -19.601807 9.907845 8.668059 0.622553 0.372995 0.525030 -0.444574
1740547886.479393 -19.584090 9.961473 8.664803 0.625822 0.374555 0.522362 -0.441808
1740547886.594248 -19.562909 10.013937 8.661223 0.628636 0.374775 0.521142 -0.439057
1740547886.709102 -19.541481 10.066268 8.656741 0.632016 0.373209 0.521505 -0.435091
1740547886.823956 -19.521439 10.118999 8.651256 0.635948 0.370609 0.522688 -0.430136
1740547886.938811 -19.502056 10.171926 8.645343 0.639888 0.369332 0.522499 -0.425596
1740547887.053665 -19.482447 10.224789 8.639619 0.642885 0.370643 0.520010 -0.422980
1740547887.168519 -19.461888 10.277376 8.634560 0.644354 0.373520 0.516446 -0.422580
1740547887.283374 -19.440841 10.329788 8.629604 0.644521 0.375088 0.514702 -0.423064
1740547887.398228 -19.420286 10.382264 8.623739 0.644154 0.374817 0.515097 -0.423383
1740547887.513082 -19.401091 10.435019 8.616097 0.644145 0.374483 0.515432 -0.423286
1740547887.627936 -19.382915 10.488017 8.607378 0.644620 0.375080 0.514614 -0.423028
1740547887.742791 -19.364687 10.541064 8.599232 0.645411 0.377142 0.512137 -0.422995
1740547887.857645 -19.345401 10.593979 8.593176 0.646081 0.379678 0.509182 -0.423271
1740547887.972499 -19.325292 10.646772 8.588459 0.645925 0.381085 0.507727 -0.423991
1740547888.087353 -19.305461 10.699592 8.582841 0.645181 0.380542 0.508593 -0.424574
1740547888.202208 -19.286343 10.752510 8.575915 0.644595 0.378315 0.511193 -0.424332
1740547888.317062 -19.268120 10.805568 8.567944 0.645033 0.375579 0.513906 -0.422816
1740547888.431916 -19.250176 10.858719 8.559831 0.646733 0.374575 0.514291 -0.420636
1740547888.546771 -19.231743 10.911885 8.552974 0.648988 0.376233 0.511657 -0.418892
1740547888.661625 -19.212324 10.964794 8.546887 0.650639 0.378157 0.508948 -0.417897
1740547888.776479 -19.191413 11.017157 8.540942 0.651432 0.379110 0.507590 -0.417450
1740547888.891334 -19.168990 11.068859 8.534494 0.651547 0.380025 0.506531 -0.417725
1740547889.006188 -19.147044 11.120529 8.526809 0.651331 0.381993 0.504470 -0.418760
1740547889.121042 -19.127635 11.172874 8.517386 0.651492 0.385091 0.501026 -0.419806
1740547889.235896 -19.109318 11.225739 8.507681 0.651865 0.388571 0.497053 -0.420741
1740547889.350751 -19.090976 11.278753 8.498753 0.652214 0.391690 0.493460 -0.421537
1740547889.465605 -19.074130 11.331796 8.489883 0.652434 0.393532 0.491328 -0.421970
1740547889.580459 -19.059502 11.384840 8.480561 0.651812 0.394605 0.490374 -0.423039
1740547889.695314 -19.045753 11.438006 8.470973 0.651364 0.394539 0.490630 -0.423492
1740547889.810168 -19.031282 11.491435 8.461388 0.651455 0.394393 0.490775 -0.423320
1740547889.925022 -19.014489 11.545269 8.452077 0.652253 0.395025 0.489787 -0.422647
1740547890.039876 -18.993774 11.599649 8.443313 0.653796 0.395486 0.488708 -0.421078
1740547890.154731 -18.974184 11.651168 8.435707 0.656038 0.395254 0.488139 -0.418460
1740547890.269585 -18.955119 11.703402 8.427053 0.658643 0.394867 0.487594 -0.415356
1740547890.384439 -18.936473 11.756236 8.417332 0.660825 0.394448 0.487233 -0.412704
1740547890.499294 -18.918302 11.809386 8.406588 0.662001 0.394260 0.486987 -0.411287
1740547890.614148 -18.900660 11.862565 8.394863 0.662084 0.395169 0.485910 -0.411555
1740547890.729002 -18.883604 11.915487 8.382203 0.662542 0.396164 0.484583 -0.411426
1740547890.843857 -18.867011 11.968028 8.368916 0.663306 0.397135 0.483161 -0.410931
1740547890.958711 -18.850077 12.020632 8.356350 0.664790 0.398787 0.480662 -0.409863
1740547891.073565 -18.832220 12.073347 8.345513 0.666658 0.400726 0.477657 -0.408447
1740547891.188419 -18.813537 12.126085 8.336114 0.668057 0.401860 0.475771 -0.407247
1740547891.303274 -18.794692 12.178750 8.326764 0.668351 0.401385 0.476217 -0.406712
1740547891.418128 -18.776368 12.231243 8.316026 0.668129 0.400198 0.477699 -0.406508
1740547891.532982 -18.759167 12.283482 8.302634 0.668766 0.400272 0.477353 -0.405794
1740547891.647836 -18.742699 12.335555 8.287431 0.670834 0.402497 0.473899 -0.404225
1740547891.762691 -18.725895 12.387663 8.272684 0.673189 0.405227 0.469689 -0.402493
1740547891.877545 -18.707977 12.439957 8.260084 0.675182 0.407616 0.465987 -0.401042
1740547891.992399 -18.689731 12.492310 8.248202 0.676316 0.409055 0.463767 -0.400238
1740547892.107254 -18.672440 12.544503 8.234617 0.676159 0.409014 0.463882 -0.400412
1740547892.222108 -18.656436 12.596486 8.218645 0.675020 0.407965 0.465623 -0.401383
1740547892.336962 -18.640148 12.648544 8.203153 0.673709 0.407073 0.467231 -0.402621
1740547892.451817 -18.623443 12.700720 8.188516 0.673023 0.406998 0.467592 -0.403424
1740547892.566671 -18.606445 12.753016 8.174665 0.673155 0.406418 0.468236 -0.403040
1740547892.681525 -18.589274 12.805432 8.161532 0.673420 0.405488 0.469246 -0.402359
1740547892.796379 -18.572052 12.857967 8.149049 0.673459 0.406134 0.468445 -0.402576
1740547892.911234 -18.554900 12.910624 8.137147 0.673946 0.408383 0.465525 -0.402874
1740547893.026088 -18.537426 12.963286 8.125678 0.674990 0.410646 0.462345 -0.402487
1740547893.140942 -18.518121 13.015541 8.114097 0.676491 0.412800 0.459095 -0.401483
1740547893.255797 -18.499131 13.067444 8.100929 0.678342 0.414730 0.455961 -0.399938
1740547893.370651 -18.484195 13.119305 8.084389 0.680433 0.416332 0.453136 -0.397927
1740547893.485505 -18.471111 13.171460 8.066122 0.682663 0.417490 0.450807 -0.395534
1740547893.600359 -18.457195 13.223369 8.047828 0.684761 0.418299 0.448946 -0.393162
1740547893.715214 -18.442451 13.275070 8.029702 0.686129 0.419192 0.447241 -0.391767
1740547893.830068 -18.426892 13.326620 8.011937 0.687532 0.418539 0.447500 -0.389702
1740547893.944922 -18.410534 13.378079 7.994726 0.688826 0.415979 0.450254 -0.386978
1740547894.059777 -18.393392 13.429505 7.978259 0.689631 0.413979 0.452477 -0.385091
1740547894.174631 -18.375480 13.480958 7.962730 0.690289 0.412270 0.454389 -0.383491
1740547894.289485 -18.356560 13.532353 7.948168 0.691497 0.410495 0.456141 -0.381131
1740547894.404340 -18.335444 13.582901 7.933482 0.693954 0.408325 0.457815 -0.376966
1740547894.519194 -18.315268 13.633312 7.917312 0.697833 0.405805 0.459211 -0.370779
1740547894.634048 -18.298243 13.684446 7.899644 0.700164 0.404147 0.460194 -0.366957
1740547894.748902 -18.280958 13.735526 7.881884 0.703572 0.403719 0.459053 -0.362308
1740547894.863757 -18.262330 13.785848 7.863506 0.706421 0.403264 0.458180 -0.358356
1740547894.978611 -18.241365 13.834722 7.843938 0.708284 0.404158 0.456036 -0.356401
1740547895.093465 -18.218079 13.882000 7.823030 0.709970 0.404361 0.454847 -0.354329
1740547895.208319 -18.196503 13.930966 7.804395 0.712456 0.402373 0.456075 -0.349997
1740547895.323174 -18.175423 13.979389 7.783843 0.715933 0.399623 0.457694 -0.343885
1740547895.438028 -18.153686 14.028271 7.765110 0.720095 0.396165 0.459748 -0.336376
1740547895.552882 -18.132708 14.077688 7.746545 0.722937 0.393712 0.461198 -0.331135
1740547895.667737 -18.111663 14.126878 7.727403 0.723546 0.392303 0.462629 -0.329476
1740547895.782591 -18.089540 14.175171 7.707498 0.724406 0.390353 0.464598 -0.327123
1740547895.897445 -18.065325 14.221893 7.686644 0.724753 0.388069 0.467318 -0.325191
1740547896.012300 -18.038277 14.266563 7.664729 0.728329 0.387243 0.466057 -0.319954
1740547896.127154 -18.011461 14.311416 7.642788 0.730918 0.386687 0.465104 -0.316087
1740547896.242008 -17.985461 14.357379 7.622172 0.730972 0.386423 0.465527 -0.315660
1740547896.356862 -17.960037 14.404623 7.603840 0.728344 0.386624 0.467201 -0.319000
1740547896.471717 -17.934858 14.451570 7.584737 0.722801 0.387460 0.469972 -0.326434
1740547896.586571 -17.909675 14.496445 7.560849 0.714124 0.388981 0.473761 -0.338041
1740547896.701425 -17.886155 14.543005 7.538433 0.703826 0.389534 0.479516 -0.350652
1740547896.816279 -17.864416 14.591975 7.519405 0.693080 0.389154 0.486282 -0.362945
1740547896.931134 -17.843932 14.642784 7.503759 0.682660 0.388444 0.492791 -0.374490
1740547897.045988 -17.824178 14.694860 7.491485 0.671049 0.387309 0.499876 -0.387051
1740547897.160842 -17.804628 14.747629 7.482576 0.656194 0.385334 0.508770 -0.402592
1740547897.275697 -17.784872 14.800603 7.476912 0.642546 0.383384 0.516462 -0.416434
1740547897.390551 -17.765064 14.853705 7.473831 0.631644 0.382352 0.521616 -0.427492
1740547897.505405 -17.745529 14.906986 7.472506 0.623353 0.382297 0.524506 -0.436090
1740547897.620260 -17.726591 14.960498 7.472109 0.616358 0.380570 0.528474 -0.442703
1740547897.735114 -17.708577 15.014289 7.471814 0.611439 0.380880 0.529573 -0.447912
1740547897.849968 -17.691811 15.068412 7.470792 0.608202 0.383356 0.527986 -0.452061
1740547897.964823 -17.676619 15.122915 7.468218 0.606106 0.387207 0.524708 -0.455397
1740547898.079677 -17.662454 15.177652 7.464374 0.604603 0.391447 0.520875 -0.458163
1740547898.194531 -17.645987 15.231884 7.463434 0.603157 0.395087 0.517623 -0.460623
1740547898.309385 -17.631011 15.286522 7.461124 0.601247 0.397144 0.516105 -0.463049
1740547898.424240 -17.617359 15.341508 7.457796 0.598488 0.396915 0.517118 -0.465681
1740547898.539094 -17.604499 15.396695 7.454235 0.594979 0.394816 0.520144 -0.468582
1740547898.653948 -17.591898 15.451936 7.451229 0.591186 0.392393 0.523469 -0.471706
1740547898.768802 -17.579026 15.507085 7.449563 0.588442 0.393732 0.522822 -0.474729
1740547898.883657 -17.565349 15.561995 7.450026 0.585645 0.394931 0.522323 -0.477731
1740547898.998511 -17.550618 15.616600 7.452962 0.582567 0.395497 0.522507 -0.480816
1740547899.113365 -17.535677 15.671152 7.457018 0.579074 0.395270 0.523542 -0.484086
1740547899.228220 -17.521634 15.725977 7.460428 0.575027 0.394078 0.525591 -0.487648
1740547899.343074 -17.509277 15.781300 7.461962 0.570354 0.391831 0.528701 -0.491569
1740547899.457928 -17.498260 15.836990 7.462300 0.566414 0.390734 0.530508 -0.495039
1740547899.572783 -17.487982 15.892834 7.462541 0.563810 0.391920 0.529902 -0.497716
1740547899.687637 -17.477846 15.948622 7.463786 0.562004 0.394308 0.528022 -0.499865
1740547899.802491 -17.467251 16.004140 7.467136 0.560342 0.396512 0.526284 -0.501816
1740547899.917345 -17.455666 16.059207 7.473523 0.558347 0.397513 0.525727 -0.503829
1740547900.032200 -17.444108 16.114302 7.480026 0.556109 0.397611 0.526040 -0.505895
1740547900.147054 -17.433166 16.169661 7.485246 0.553848 0.397396 0.526625 -0.507933
1740547900.261908 -17.422796 16.225236 7.489483 0.551812 0.397455 0.526899 -0.509814
1740547900.376762 -17.412958 16.280978 7.493035 0.550261 0.398388 0.526286 -0.511394
1740547900.491617 -17.403612 16.336837 7.496202 0.549401 0.400768 0.524245 -0.512554
1740547900.606471 -17.394715 16.392764 7.499282 0.548062 0.402962 0.522454 -0.514092
1740547900.721325 -17.386214 16.448714 7.502566 0.545713 0.404178 0.521715 -0.516382
1740547900.836180 -17.378003 16.504662 7.506310 0.542457 0.404616 0.521811 -0.519365
1740547900.951034 -17.369961 16.560586 7.510758 0.538395 0.404470 0.522521 -0.522979
1740547901.065888 -17.362046 16.616472 7.516070 0.533625 0.403937 0.523623 -0.527161
1740547901.180743 -17.354359 16.672314 7.522247 -0.528256 -0.403213 -0.524906 0.531825
1740547901.295597 -17.347021 16.728109 7.529269 -0.522777 -0.402406 -0.526219 0.536533
1740547901.410451 -17.340151 16.783855 7.537117 -0.518038 -0.401533 -0.527463 0.540547
1740547901.525306 -17.333869 16.839546 7.545770 -0.514911 -0.400615 -0.528546 0.543151
1740547901.640160 -17.328295 16.895181 7.555210 -0.513520 -0.399781 -0.529369 0.544280
1740547901.755014 -17.323526 16.950757 7.565400 -0.512563 -0.399344 -0.529809 0.545074
1740547901.869868 -17.319168 17.006295 7.575942 -0.510599 -0.399627 -0.529734 0.546781
1740547901.984723 -17.314336 17.061842 7.586076 -0.507499 -0.400563 -0.529207 0.549486
1740547902.099577 -17.308135 17.117444 7.595034 -0.505127 -0.401519 -0.528597 0.551556
1740547902.214431 -17.300559 17.173115 7.602742 -0.505052 -0.401932 -0.528250 0.551656
1740547902.329285 -17.293277 17.228806 7.610434 -0.506600 -0.401755 -0.528272 0.550344
1740547902.444140 -17.288114 17.284461 7.619471 -0.508054 -0.401191 -0.528635 0.549065
1740547902.558994 -17.285225 17.340073 7.630031 -0.507835 -0.400673 -0.529097 0.549201
1740547902.673848 -17.282260 17.395708 7.640527 -0.507016 -0.401161 -0.528761 0.549923
1740547902.788702 -17.277235 17.451407 7.649671 -0.504775 -0.402406 -0.527897 0.551902
1740547902.903557 -17.270821 17.507086 7.658246 -0.501234 -0.403672 -0.527104 0.554955
1740547903.018411 -17.264450 17.562621 7.667629 -0.497907 -0.404395 -0.526739 0.557762
1740547903.133265 -17.259224 17.617996 7.678483 -0.495605 -0.404479 -0.526823 0.559669
1740547903.248120 -17.254336 17.673679 7.687944 -0.493124 -0.404382 -0.527049 0.561715
1740547903.362974 -17.250273 17.729467 7.697093 -0.489563 -0.404499 -0.527138 0.564653
1740547903.477828 -17.247748 17.785055 7.707663 -0.486271 -0.404743 -0.527094 0.567359
1740547903.592683 -17.246522 17.840404 7.719791 -0.484884 -0.404927 -0.527000 0.568500
1740547903.707537 -17.245898 17.895602 7.732847 -0.485004 -0.404867 -0.527042 0.568403
1740547903.822391 -17.245173 17.950739 7.746191 -0.483200 -0.403837 -0.527956 0.569821
1740547903.937245 -17.243645 18.005902 7.759187 -0.480002 -0.402390 -0.529250 0.572342
1740547904.052100 -17.240612 18.061181 7.771196 -0.477554 -0.401414 -0.530121 0.574265
1740547904.166954 -17.235757 18.116611 7.781955 -0.476352 -0.401166 -0.530360 0.575216
1740547904.281808 -17.230353 18.172002 7.792734 -0.475948 -0.401472 -0.530127 0.575551
1740547904.396663 -17.226027 18.227119 7.805121 -0.475876 -0.402147 -0.529588 0.575635
1740547904.511517 -17.223385 18.281993 7.819092 -0.475674 -0.403002 -0.528911 0.575827
1740547904.626371 -17.222097 18.336882 7.833214 -0.474875 -0.403851 -0.528249 0.576499
1740547904.741225 -17.221736 18.391896 7.846861 -0.473131 -0.404884 -0.527457 0.577932
1740547904.856080 -17.221835 18.447021 7.860058 -0.471126 -0.406947 -0.525857 0.579576
1740547904.970934 -17.221922 18.502239 7.872847 -0.469970 -0.411218 -0.522480 0.580554
1740547905.085788 -17.221528 18.557534 7.885271 -0.470576 -0.417671 -0.517267 0.580124
1740547905.200643 -17.220188 18.612889 7.897371 -0.472951 -0.421985 -0.513732 0.578209
1740547905.315497 -17.218130 18.668316 7.909081 -0.477089 -0.423061 -0.512861 0.574786
1740547905.430351 -17.216883 18.723886 7.920136 -0.482758 -0.424260 -0.511848 0.570053
1740547905.545206 -17.218304 18.779711 7.929790 -0.489109 -0.426858 -0.509613 0.564676
1740547905.660060 -17.222128 18.835844 7.936996 -0.494950 -0.430584 -0.506375 0.559649
1740547905.774914 -17.223259 18.891924 7.944448 -0.499129 -0.435135 -0.502362 0.556022
1740547905.889768 -17.220026 18.947933 7.952599 -0.500737 -0.439822 -0.498165 0.554663
1740547906.004623 -17.215882 19.004346 7.958467 -0.499337 -0.443257 -0.495065 0.555964
1740547906.119477 -17.212591 19.061182 7.961746 -0.497078 -0.444408 -0.494038 0.557980
1740547906.234331 -17.210564 19.118134 7.964044 -0.494711 -0.442914 -0.495392 0.560067
1740547906.349185 -17.210191 19.174894 7.967001 -0.491456 -0.442344 -0.495893 0.562932
1740547906.464040 -17.211861 19.231150 7.972260 -0.486928 -0.443709 -0.494635 0.566886
1740547906.578894 -17.215938 19.286608 7.981411 -0.481322 -0.443929 -0.494302 0.571772
1740547906.693748 -17.220938 19.342001 7.992429 -0.475423 -0.441993 -0.495786 0.576898
1740547906.808603 -17.225436 19.397489 8.003777 -0.470364 -0.438427 -0.498659 0.581273
1740547906.923457 -17.229190 19.452957 8.015428 -0.467306 -0.433763 -0.502466 0.583954
1740547907.038311 -17.232037 19.508419 8.027227 -0.467424 -0.428545 -0.506742 0.584018
1740547907.153166 -17.233817 19.563889 8.039020 -0.471138 -0.424005 -0.510472 0.581091
1740547907.268020 -17.234366 19.619380 8.050656 -0.475173 -0.421464 -0.512558 0.577809
1740547907.382874 -17.233522 19.674906 8.061980 -0.477642 -0.421326 -0.512674 0.575767
1740547907.497728 -17.231124 19.730480 8.072838 -0.478939 -0.423006 -0.511290 0.574687
1740547907.612583 -17.227046 19.786117 8.083081 -0.479431 -0.425783 -0.508970 0.574286
1740547907.727437 -17.222618 19.841822 8.092690 -0.479464 -0.428958 -0.506284 0.574270
1740547907.842291 -17.220932 19.897592 8.101813 -0.479379 -0.431847 -0.503823 0.574340
1740547907.957146 -17.222855 19.953418 8.110605 -0.479373 -0.434080 -0.501923 0.574325
1740547908.072000 -17.227177 20.009287 8.119210 -0.479306 -0.436003 -0.500291 0.574348
1740547908.186854 -17.232621 20.065188 8.127774 -0.479008 -0.438042 -0.498559 0.574552
1740547908.301708 -17.237905 20.121108 8.136440 -0.479024 -0.439961 -0.496937 0.574477
1740547908.416563 -17.241752 20.177035 8.145353 -0.480501 -0.440796 -0.496267 0.573181
1740547908.531417 -17.243388 20.232968 8.154510 -0.481824 -0.441068 -0.496075 0.572026
1740547908.646271 -17.243175 20.288934 8.163571 -0.485486 -0.440756 -0.496418 0.568864
1740547908.761126 -17.241638 20.344967 8.172149 -0.491108 -0.440602 -0.496638 0.563944
1740547908.875980 -17.239297 20.401096 8.179860 -0.493286 -0.442615 -0.494886 0.562003
1740547908.990834 -17.237033 20.457338 8.186561 -0.496164 -0.445913 -0.491971 0.559416
1740547909.105689 -17.237922 20.513604 8.193663 -0.499253 -0.450667 -0.487704 0.556588
1740547909.220543 -17.238219 20.570032 8.198561 -0.502391 -0.456343 -0.482536 0.553637
1740547909.335397 -17.237815 20.626551 8.201032 -0.505476 -0.462313 -0.477018 0.550649
1740547909.450251 -17.243158 20.682894 8.205234 -0.508409 -0.467978 -0.471726 0.547715
1740547909.565106 -17.247817 20.739368 8.207579 -0.511378 -0.472683 -0.467311 0.544686
1740547909.679960 -17.251710 20.795945 8.208413 -0.516261 -0.475500 -0.464763 0.539787
1740547909.794814 -17.254753 20.852599 8.208084 -0.520235 -0.477328 -0.463141 0.535736
1740547909.909668 -17.256866 20.909303 8.206941 -0.523201 -0.478488 -0.462129 0.532679
1740547910.024523 -17.257968 20.966028 8.205331 0.529800 0.478097 0.462702 -0.525968
1740547910.139377 -17.257977 21.022749 8.203602 0.535681 0.477944 0.462950 -0.519896
1740547910.254231 -17.256875 21.079441 8.202001 0.540895 0.478172 0.462725 -0.514462
1740547910.369086 -17.254966 21.136084 8.200268 0.545399 0.478679 0.462149 -0.509730
1740547910.483940 -17.252651 21.192667 8.197987 0.549158 0.479355 0.461345 -0.505772
1740547910.598794 -17.250330 21.249173 8.194741 0.552156 0.480205 0.460317 -0.502628
1740547910.713649 -17.248380 21.305591 8.190155 0.554421 0.481518 0.458798 -0.500262
1740547910.828503 -17.246867 21.361939 8.184385 0.555978 0.483535 0.456533 -0.498658
1740547910.943357 -17.245632 21.418254 8.177960 0.556750 0.486145 0.453638 -0.497900
1740547911.058211 -17.244514 21.474576 8.171419 0.556628 0.489131 0.450339 -0.498107
1740547911.173066 -17.243466 21.530929 8.165142 0.555575 0.492223 0.446920 -0.499316
1740547911.287920 -17.242704 21.587306 8.159139 0.554194 0.494741 0.444124 -0.500853
1740547911.402774 -17.242483 21.643697 8.153370 0.553458 0.496200 0.442505 -0.501656
1740547911.517629 -17.243058 21.700088 8.147791 0.553703 0.496903 0.441737 -0.501368
1740547911.632483 -17.244684 21.756468 8.142362 0.554879 0.497442 0.441158 -0.500040
1740547911.747337 -17.247471 21.812825 8.137005 0.556906 0.498298 0.440231 -0.497747
1740547911.862191 -17.250261 21.869147 8.131339 0.559639 0.499687 0.438708 -0.494624
1740547911.977046 -17.251411 21.925418 8.124853 0.562929 0.501784 0.436374 -0.490817
1740547912.091900 -17.250773 21.981602 8.117332 0.566634 0.504749 0.433004 -0.486479
1740547912.206754 -17.248987 22.037653 8.108708 0.570685 0.508326 0.428823 -0.481700
1740547912.321609 -17.246697 22.093526 8.098918 0.575110 0.511258 0.425297 -0.476430
1740547912.436463 -17.244550 22.149175 8.087897 0.579354 0.512573 0.423657 -0.471310
1740547912.551317 -17.243191 22.204552 8.075580 0.582602 0.512198 0.424059 -0.467335
1740547912.666172 -17.243266 22.259614 8.061905 0.584533 0.512454 0.423702 -0.464961
1740547912.781026 -17.244830 22.314404 8.047170 0.585446 0.513317 0.422610 -0.463853
1740547912.895880 -17.246316 22.369218 8.032677 0.585700 0.514343 0.421319 -0.463570
1740547913.010734 -17.245877 22.424394 8.019898 0.585642 0.515098 0.420367 -0.463669
1740547913.125589 -17.242698 22.480032 8.009537 0.585620 0.515149 0.420297 -0.463704
1740547913.240443 -17.240127 22.535653 7.999149 0.585783 0.514455 0.421154 -0.463491
1740547913.355297 -17.238436 22.591250 7.988305 0.586185 0.514799 0.420706 -0.463007
1740547913.470151 -17.237259 22.646791 7.976983 0.588176 0.515867 0.419320 -0.460543
1740547913.585006 -17.236227 22.702244 7.965164 0.590581 0.518073 0.416490 -0.457548
1740547913.699860 -17.234974 22.757576 7.952828 0.592075 0.521256 0.412406 -0.455698
1740547913.814714 -17.233913 22.812716 7.939754 0.592570 0.523094 0.410025 -0.455096
1740547913.929569 -17.235480 22.867172 7.924116 0.592568 0.523859 0.409030 -0.455114
1740547914.044423 -17.236064 22.920828 7.905785 0.592514 0.524228 0.408556 -0.455186
1740547914.159277 -17.235775 22.974407 7.887272 0.592854 0.524866 0.407732 -0.454747
1740547914.274132 -17.235185 23.028669 7.871171 0.593971 0.526381 0.405753 -0.453306
1740547914.388986 -17.234568 23.083744 7.857909 0.595766 0.528395 0.403096 -0.450971
1740547914.503840 -17.233949 23.139248 7.846130 0.597790 0.528790 0.402564 -0.448298
1740547914.618694 -17.233347 23.194778 7.834426 0.598173 0.528478 0.402975 -0.447785
1740547914.733549 -17.232780 23.249933 7.821387 0.597457 0.527854 0.403800 -0.448733
1740547914.848403 -17.232264 23.304355 7.805755 0.596501 0.527325 0.404495 -0.449999
1740547914.963257 -17.231808 23.358140 7.787867 0.596474 0.528297 0.403218 -0.450041
1740547915.078112 -17.231412 23.411658 7.769025 0.597739 0.531150 0.399433 -0.448377
1740547915.192966 -17.231078 23.465284 7.750542 0.599807 0.534681 0.394682 -0.445617
1740547915.307820 -17.230807 23.519391 7.733734 0.602153 0.537660 0.390634 -0.442424
1740547915.422674 -17.230671 23.574246 7.719541 0.604200 0.538950 0.388895 -0.439586
1740547915.537529 -17.231449 23.629042 7.705147 0.604019 0.538286 0.389833 -0.439817
1740547915.652383 -17.233267 23.683102 7.688228 0.601699 0.536655 0.392059 -0.443001
1740547915.767237 -17.235081 23.736595 7.669427 0.599148 0.535443 0.393707 -0.446450
1740547915.882092 -17.235785 23.789731 7.649539 0.598154 0.535709 0.393369 -0.447760
1740547915.996946 -17.234468 23.842777 7.629526 0.599613 0.536906 0.391758 -0.445783
1740547916.111800 -17.233261 23.896806 7.612728 0.602565 0.537049 0.391570 -0.441777
1740547916.226655 -17.233496 23.951844 7.599084 0.605331 0.535826 0.393245 -0.437976
1740547916.341509 -17.234662 24.006959 7.585559 0.606951 0.534271 0.395351 -0.435733
1740547916.456363 -17.235991 24.061405 7.569763 0.606488 0.533292 0.396656 -0.436389
1740547916.571217 -17.235705 24.115244 7.552128 0.604703 0.534524 0.394989 -0.438864
1740547916.686072 -17.232938 24.168713 7.533554 0.604708 0.538359 0.389755 -0.438849
1740547916.800926 -17.229461 24.221978 7.514351 0.606457 0.542997 0.383281 -0.436418
1740547916.915780 -17.226977 24.275297 7.495218 0.608113 0.546374 0.378480 -0.434081
1740547917.030634 -17.226904 24.328992 7.477155 0.610282 0.546916 0.377752 -0.430978
1740547917.145489 -17.229634 24.382255 7.458149 0.612920 0.545889 0.379302 -0.427159
1740547917.260343 -17.233902 24.434570 7.436763 0.614258 0.545176 0.380371 -0.425193
1740547917.375197 -17.238622 24.486785 7.415074 0.613214 0.545449 0.379985 -0.426690
1740547917.490052 -17.242598 24.539707 7.395065 0.610763 0.545468 0.379933 -0.430214
1740547917.604906 -17.241849 24.592824 7.375619 0.609279 0.546028 0.379115 -0.432324
1740547917.719760 -17.236491 24.645680 7.355655 0.608605 0.545926 0.379252 -0.433280
1740547917.834615 -17.230840 24.698709 7.336131 0.608232 0.544530 0.381245 -0.433812
1740547917.949469 -17.229139 24.752357 7.318050 0.609151 0.542399 0.384260 -0.432530
1740547918.064323 -17.229927 24.806793 7.302325 0.611791 0.540391 0.387070 -0.428797
1740547918.179177 -17.232631 24.860930 7.285630 0.613412 0.539910 0.387736 -0.426478
1740547918.294032 -17.236103 24.914653 7.267648 0.612613 0.540873 0.386390 -0.427626
1740547918.408886 -17.238809 24.967947 7.248438 0.610336 0.542314 0.384373 -0.430863
1740547918.523740 -17.239218 25.020799 7.228057 0.608903 0.543152 0.383203 -0.432873
1740547918.638595 -17.236834 25.073317 7.206848 0.609489 0.544303 0.381563 -0.432050
1740547918.753449 -17.233260 25.125846 7.185726 0.611650 0.544844 0.380790 -0.428985
1740547918.868303 -17.230359 25.178765 7.165674 0.614225 0.544829 0.380838 -0.425266
1740547918.983157 -17.229791 25.232388 7.147513 0.615223 0.544405 0.381489 -0.423781
1740547919.098012 -17.231161 25.286409 7.130367 0.613032 0.543578 0.382687 -0.426926
1740547919.212866 -17.232886 25.340161 7.112380 0.609602 0.542241 0.384578 -0.431810
1740547919.327720 -17.233565 25.393081 7.091993 0.606767 0.542061 0.384840 -0.435777
1740547919.442575 -17.233587 25.445571 7.070420 0.605526 0.543401 0.382955 -0.437492
1740547919.557429 -17.234286 25.498544 7.050338 0.605798 0.543589 0.382689 -0.437115
1740547919.672283 -17.236350 25.552794 7.034066 0.607000 0.542633 0.384038 -0.435449
1740547919.787138 -17.236499 25.607550 7.019273 0.607885 0.541043 0.386269 -0.434216
1740547919.901992 -17.236331 25.661567 7.002253 0.607407 0.539367 0.388598 -0.434892
1740547920.016846 -17.236981 25.714582 6.982222 0.606227 0.538369 0.389977 -0.436539
1740547920.131700 -17.236338 25.768023 6.963448 0.605827 0.538296 0.390085 -0.437087
1740547920.246555 -17.234763 25.821868 6.945840 0.607305 0.539258 0.388758 -0.435027
1740547920.361409 -17.233026 25.875856 6.928596 0.608494 0.541204 0.386041 -0.433365
1740547920.476263 -17.231899 25.929725 6.910910 0.608350 0.541733 0.385304 -0.433562
1740547920.591117 -17.232005 25.983267 6.892150 0.606846 0.539674 0.388202 -0.435648
1740547920.705972 -17.233106 26.036575 6.872661 0.604907 0.537268 0.391541 -0.438322
1740547920.820826 -17.234651 26.089856 6.853146 0.602564 0.534986 0.394665 -0.441528
1740547920.935680 -17.236090 26.143313 6.834305 0.599693 0.532966 0.397397 -0.445411
1740547921.050534 -17.236872 26.197152 6.816842 0.596998 0.531451 0.399437 -0.449003
1740547921.165389 -17.236451 26.251576 6.801453 0.596217 0.530539 0.400658 -0.450029
1740547921.280243 -17.234814 26.306645 6.788345 0.596835 0.530023 0.401337 -0.449213
1740547921.395097 -17.232955 26.362149 6.776795 0.598045 0.529835 0.401572 -0.447613
1740547921.509952 -17.231979 26.417846 6.765978 0.599052 0.529916 0.401452 -0.446275
1740547921.624806 -17.232083 26.473151 6.753815 0.599088 0.530215 0.401045 -0.446237
1740547921.739660 -17.231872 26.527210 6.737238 0.598111 0.531092 0.399875 -0.447554
1740547921.854515 -17.231480 26.580399 6.717554 0.596998 0.533038 0.397272 -0.449042
1740547921.969369 -17.231259 26.633251 6.696624 0.596658 0.535833 0.393511 -0.449479
1740547922.084223 -17.231562 26.686296 6.676307 0.597726 0.538766 0.389562 -0.447991
1740547922.199078 -17.232732 26.740055 6.658423 0.598830 0.539614 0.388468 -0.446444
1740547922.313932 -17.234778 26.794615 6.643293 0.597519 0.538266 0.390302 -0.448224
1740547922.428786 -17.237284 26.849520 6.629326 0.593691 0.536207 0.392984 -0.453405
1740547922.543640 -17.239804 26.904274 6.614809 0.588974 0.533879 0.395944 -0.459686
1740547922.658495 -17.241614 26.958644 6.598902 0.586097 0.530923 0.399725 -0.463500
1740547922.773349 -17.241460 27.013379 6.584148 0.585396 0.529053 0.402106 -0.464462
1740547922.888203 -17.240986 27.068531 6.570985 0.586048 0.529889 0.401029 -0.463618
1740547923.003057 -17.242582 27.123883 6.558996 0.586127 0.531082 0.399477 -0.463491
1740547923.117912 -17.245092 27.179268 6.547214 0.585322 0.531143 0.399363 -0.464537
1740547923.232766 -17.244935 27.234517 6.534248 0.584254 0.531263 0.399167 -0.465909
1740547923.347620 -17.244441 27.289299 6.519494 0.583495 0.532333 0.397755 -0.466847
1740547923.462475 -17.246835 27.343273 6.502525 0.581963 0.530988 0.399425 -0.468861
1740547923.577329 -17.250877 27.397589 6.487060 0.581658 0.529157 0.401735 -0.469334
1740547923.692183 -17.254498 27.452539 6.473547 0.583078 0.530223 0.400435 -0.467478
1740547923.807038 -17.257814 27.507260 6.458891 0.582328 0.532446 0.397560 -0.468338
1740547923.921892 -17.260066 27.561844 6.443853 0.579797 0.533564 0.395995 -0.471522
1740547924.036746 -17.259677 27.617708 6.434382 0.577829 0.532880 0.396769 -0.474053
1740547924.151600 -17.259196 27.673607 6.425030 0.577921 0.532450 0.397320 -0.473964
1740547924.266455 -17.261370 27.728221 6.410101 0.579026 0.532834 0.396884 -0.472547
1740547924.381309 -17.265145 27.782877 6.395458 0.579404 0.532313 0.397570 -0.472094
1740547924.496163 -17.269336 27.837936 6.382693 0.578596 0.530954 0.399247 -0.473199
1740547924.611017 -17.273271 27.892785 6.369099 0.577999 0.531047 0.399099 -0.473948
1740547924.725872 -17.276631 27.947297 6.354014 0.576775 0.531038 0.399042 -0.475495
1740547924.840726 -17.279390 28.001781 6.338601 0.574988 0.531009 0.398971 -0.477744
1740547924.955580 -17.281531 28.056562 6.324084 0.574234 0.531880 0.397825 -0.478638
1740547925.070435 -17.282989 28.111915 6.311722 0.574237 0.532814 0.396644 -0.478575
1740547925.185289 -17.283465 28.167911 6.302921 0.573432 0.531845 0.397822 -0.479640
1740547925.300143 -17.284495 28.223928 6.295215 0.571916 0.529437 0.400738 -0.481681
1740547925.414998 -17.288857 28.278973 6.282653 0.570553 0.526951 0.403715 -0.483535
1740547925.529852 -17.294744 28.333610 6.267912 0.568768 0.525675 0.405156 -0.485816
1740547925.644706 -17.300182 28.388460 6.253984 0.567200 0.525880 0.404801 -0.487720
1740547925.759560 -17.303834 28.443880 6.242595 0.567042 0.527674 0.402580 -0.487804
1740547925.874415 -17.305907 28.499583 6.232359 0.568658 0.529100 0.400900 -0.485758
1740547925.989269 -17.307114 28.555227 6.221671 0.569927 0.526233 0.404523 -0.484380
1740547926.104123 -17.309805 28.610809 6.210971 0.569026 0.520610 0.411314 -0.485793
1740547926.218978 -17.313458 28.666378 6.200389 0.566939 0.516836 0.415699 -0.488524
1740547926.333832 -17.316479 28.721940 6.189628 0.565755 0.515154 0.417622 -0.490030
1740547926.448686 -17.317425 28.777435 6.178091 0.564844 0.516850 0.415600 -0.491012
1740547926.563540 -17.316472 28.833094 6.167330 0.563122 0.520543 0.411132 -0.492848
1740547926.678395 -17.316119 28.889353 6.160476 0.561646 0.522829 0.408292 -0.494470
1740547926.793249 -17.319224 28.945546 6.153694 0.560790 0.522931 0.408088 -0.495502
1740547926.908103 -17.322149 29.001607 6.145790 0.561214 0.525044 0.405574 -0.494852
1740547927.022958 -17.327453 29.056889 6.134767 0.560819 0.528224 0.401722 -0.495056
1740547927.137812 -17.335454 29.111635 6.121974 0.558886 0.531176 0.397991 -0.497093
1740547927.252666 -17.342867 29.166679 6.110475 0.558354 0.534420 0.393992 -0.497400
1740547927.367521 -17.347707 29.222273 6.100873 0.559646 0.536020 0.392171 -0.495662
1740547927.482375 -17.352918 29.277010 6.087093 0.561058 0.537052 0.391066 -0.493817
1740547927.597229 -17.358391 29.331538 6.072268 0.562070 0.536143 0.392322 -0.492657
1740547927.712083 -17.363569 29.386706 6.060379 0.562372 0.534082 0.394896 -0.492496
1740547927.826938 -17.368029 29.442292 6.050208 0.562593 0.532866 0.396404 -0.492348
1740547927.941792 -17.371575 29.497902 6.039815 0.562957 0.532712 0.396630 -0.491916
1740547928.056646 -17.374040 29.553458 6.028843 0.562137 0.531325 0.398239 -0.493053
1740547928.171500 -17.376885 29.608927 6.017640 0.561347 0.529806 0.400006 -0.494157
1740547928.286355 -17.381857 29.664366 6.006966 0.562088 0.530247 0.399531 -0.493224
1740547928.401209 -17.387440 29.719808 5.996655 0.563727 0.531536 0.398111 -0.491110
1740547928.516063 -17.391628 29.775426 5.986769 0.564872 0.533198 0.396186 -0.489546
1740547928.630918 -17.396101 29.830851 5.975691 0.564758 0.535450 0.393396 -0.489470
1740547928.745772 -17.400623 29.886060 5.963697 0.563818 0.538086 0.390022 -0.490363
1740547928.860626 -17.405451 29.940931 5.950341 0.564413 0.539944 0.387764 -0.489426
1740547928.975481 -17.409519 29.995771 5.936535 0.565023 0.541216 0.386242 -0.488518
1740547929.090335 -17.413759 30.050575 5.922677 0.564870 0.542940 0.384067 -0.488498
1740547929.205189 -17.419262 30.105317 5.909130 0.564787 0.544006 0.382728 -0.488459
1740547929.320043 -17.426685 30.159932 5.895927 0.564865 0.544782 0.381770 -0.488255
1740547929.434898 -17.433294 30.214512 5.882231 0.565059 0.544918 0.381628 -0.487989
1740547929.549752 -17.439735 30.269376 5.869571 0.565425 0.545374 0.381100 -0.487467
1740547929.664606 -17.446334 30.324419 5.857742 0.565762 0.545871 0.380514 -0.486977
1740547929.779461 -17.452268 30.379428 5.845453 0.566168 0.545483 0.381062 -0.486512
1740547929.894315 -17.457675 30.434311 5.832398 0.567393 0.544030 0.383064 -0.485137
1740547930.009169 -17.462420 30.489089 5.818624 0.568324 0.542778 0.384771 -0.484098
1740547930.124023 -17.466595 30.543632 5.803795 0.570071 0.542606 0.385193 -0.481896
1740547930.238878 -17.471034 30.598130 5.788898 0.572676 0.543252 0.384657 -0.478496
1740547930.353732 -17.475510 30.652980 5.775307 0.574758 0.543466 0.384599 -0.475795
1740547930.468586 -17.479470 30.708030 5.762316 0.576285 0.543674 0.384487 -0.473797
1740547930.583441 -17.483253 30.762989 5.748957 0.575656 0.545657 0.381865 -0.474403
1740547930.698295 -17.487210 30.817564 5.734256 0.573517 0.547123 0.379722 -0.477018
1740547930.813149 -17.491278 30.871753 5.718267 0.571229 0.547362 0.379146 -0.479939
1740547930.928004 -17.494793 30.926167 5.703012 0.569437 0.547287 0.379027 -0.482241
1740547931.042858 -17.498497 30.980696 5.687680 0.567839 0.547118 0.379044 -0.484299
1740547931.157712 -17.506661 31.034675 5.672307 0.566361 0.546624 0.379478 -0.486245
1740547931.272566 -17.515562 31.088995 5.658469 0.564933 0.545560 0.380621 -0.488202
1740547931.387421 -17.523291 31.143817 5.646263 0.563725 0.544263 0.382074 -0.489909
1740547931.502275 -17.529991 31.198988 5.635102 0.562593 0.543476 0.382890 -0.491445
1740547931.617129 -17.535803 31.254356 5.624396 0.561505 0.542606 0.383825 -0.492919
1740547931.731983 -17.540870 31.309770 5.613557 0.562103 0.539933 0.387225 -0.492514
1740547931.846838 -17.545335 31.365079 5.601995 0.563595 0.537575 0.390312 -0.490948
1740547931.961692 -17.549340 31.420131 5.589124 0.565286 0.536336 0.392028 -0.488988
