0 0
1 2
3 5
4 8
5 14
6 17
7 20
8 22
9 24
11 27
12 29
13 31
15 34
16 36
17 38
19 41
20 43
21 45
22 47
24 50
25 52
26 54
27 56
29 59
30 61
31 63
34 68
35 70
36 72
38 75
39 77
40 79
41 81
43 84
44 86
45 88
46 90
48 93
49 95
50 97
53 102
54 104
55 106
58 111
59 113
60 115
62 118
63 120
64 122
65 124
67 127
68 129
69 131
70 133
73 138
74 140
75 142
76 144
77 146
79 149
80 151
81 153
82 155
85 160
86 162
87 164
90 169
91 171
92 173
95 178
96 180
97 182
98 184
101 189
102 191
103 193
104 195
105 197
109 204
110 206
111 208
112 210
113 212
117 219
118 221
119 223
120 225
122 228
123 230
124 232
125 234
126 236
129 241
130 243
131 245
132 247
134 250
136 254
137 256
138 258
139 260
142 265
143 267
144 269
145 271
148 276
149 278
150 280
153 285
154 287
155 289
156 291
158 294
159 296
160 298
161 300
162 302
165 307
166 309
167 311
168 313
170 316
171 318
172 320
173 322
174 324
177 329
178 331
179 333
180 335
181 337
183 340
184 342
185 344
186 346
189 351
190 353
191 355
194 360
195 362
196 364
197 366
198 368
201 373
202 375
203 377
206 382
207 384
208 386
209 388
211 391
212 393
213 395
214 397
215 399
217 402
218 404
219 406
220 408
222 411
223 413
224 415
227 420
228 422
231 427
232 429
233 431
235 434
236 436
237 438
239 441
240 443
241 445
243 448
244 450
245 452
247 455
248 457
249 459
251 462
252 464
253 466
256 471
257 473
259 476
260 478
261 480
263 483
264 485
265 487
267 490
268 492
269 494
271 497
272 499
274 502
275 504
276 506
278 509
279 511
281 514
282 516
283 518
285 521
286 523
288 526
289 528
292 533
293 535
295 538
296 540
297 542
299 545
300 547
301 549
303 552
304 554
305 556
307 559
308 561
309 563
311 566
312 568
314 571
315 573
316 575
318 578
319 580
320 582
322 585
323 587
324 589
326 592
327 594
328 596
330 599
331 601
332 603
334 606
335 608
336 610
338 613
339 615
340 617
342 620
343 622
344 624
346 627
347 629
348 631
349 633
351 636
352 638
353 640
355 643
356 645
357 647
360 652
361 654
362 656
365 661
366 663
367 665
369 668
370 670
371 672
373 675
374 677
375 679
376 681
377 683
379 686
380 688
381 690
382 692
385 697
386 699
387 701
390 706
391 708
392 710
395 715
396 717
397 719
400 724
401 726
402 728
405 733
406 735
407 737
408 739
410 742
411 744
412 746
413 748
415 751
416 753
417 755
418 757
421 762
422 764
423 766
424 768
426 771
427 773
428 775
429 777
430 779
431 781
434 786
435 788
436 790
437 792
438 794
440 797
441 799
442 801
443 803
447 810
448 812
449 814
450 816
453 821
454 823
455 825
456 827
458 830
459 832
460 834
461 836
463 839
464 841
465 843
468 848
469 850
470 852
472 855
473 857
474 859
475 861
477 864
478 866
479 868
481 871
482 873
483 875
484 877
486 880
487 882
488 884
489 886
491 889
492 891
493 893
494 895
496 898
497 900
498 902
499 904
501 907
502 909
504 913
505 914
506 916
507 918
508 920
510 923
511 925
512 927
513 929
516 934
517 936
518 938
519 940
521 943
522 945
523 947
524 949
527 954
528 956
529 958
530 960
531 962
532 964
535 969
536 971
537 973
538 975
539 977
542 982
543 984
544 986
545 988
546 990
548 994
550 997
551 999
552 1001
553 1003
554 1005
555 1007
558 1012
559 1014
560 1016
561 1018
562 1020
566 1027
567 1029
568 1031
569 1033
570 1035
571 1037
572 1039
577 1048
578 1050
579 1052
580 1054
581 1056
584 1061
586 1065
587 1067
588 1069
589 1071
590 1073
591 1075
592 1077
593 1079
594 1081
595 1083
599 1090
600 1092
601 1094
602 1096
605 1101
606 1103
607 1105
608 1107
609 1109
611 1112
612 1114
613 1116
615 1119
616 1121
617 1123
618 1125
620 1128
621 1130
622 1132
625 1137
626 1139
627 1141
629 1144
630 1146
631 1148
632 1150
634 1153
635 1155
636 1157
637 1159
639 1162
640 1164
641 1166
644 1171
645 1173
646 1175
649 1180
650 1182
651 1184
653 1187
654 1189
655 1191
657 1194
658 1196
659 1198
660 1200
662 1203
663 1205
664 1207
667 1212
668 1214
669 1216
671 1220
673 1223
674 1225
675 1227
679 1234
680 1236
681 1238
683 1241
684 1243
685 1245
686 1247
688 1250
689 1252
690 1254
691 1256
693 1259
694 1261
695 1263
697 1266
698 1268
699 1270
701 1273
702 1275
703 1277
705 1280
706 1282
707 1284
709 1287
710 1289
711 1291
712 1293
714 1296
715 1298
716 1300
719 1305
720 1307
721 1309
723 1312
724 1314
725 1316
728 1321
729 1323
730 1325
732 1328
733 1330
734 1332
735 1334
738 1339
739 1341
740 1343
742 1346
743 1348
744 1350
745 1352
747 1355
748 1357
749 1359
750 1361
752 1364
753 1366
754 1368
755 1370
756 1372
757 1374
759 1377
760 1379
761 1381
763 1384
764 1386
765 1388
768 1393
769 1395
771 1398
772 1400
773 1402
775 1405
776 1407
777 1409
779 1412
780 1414
781 1416
784 1421
785 1423
787 1426
788 1428
789 1430
790 1432
792 1435
793 1437
796 1442
797 1444
799 1447
800 1449
801 1451
803 1454
804 1456
805 1458
806 1460
808 1463
809 1465
810 1467
811 1469
812 1470
813 1472
814 1474
815 1476
817 1479
818 1481
819 1483
821 1486
822 1488
823 1490
826 1495
827 1497
828 1499
829 1500
830 1502
831 1504
832 1506
834 1509
835 1511
836 1513
839 1518
840 1520
841 1522
843 1525
844 1527
845 1529
847 1532
848 1534
849 1539
850 1541
851 1543
853 1546
854 1548
855 1550
856 1552
858 1555
859 1557
860 1559
862 1562
863 1564
864 1566
867 1571
868 1573
869 1575
872 1580
873 1582
874 1584
876 1587
877 1589
880 1594
881 1596
882 1598
884 1601
885 1603
886 1605
888 1608
889 1610
890 1612
892 1615
893 1617
894 1619
895 1621
897 1632
900 1637
901 1639
902 1641
905 1646
906 1648
907 1650
910 1655
911 1657
912 1659
914 1662
915 1664
916 1666
917 1668
919 1672
921 1675
922 1677
923 1679
926 1684
927 1686
928 1688
930 1691
931 1693
932 1695
933 1697
935 1700
936 1702
937 1704
938 1706
940 1709
941 1711
942 1713
945 1718
946 1720
947 1722
949 1725
950 1727
951 1729
952 1731
953 1733
955 1736
956 1738
957 1740
960 1745
961 1747
962 1749
963 1751
965 1754
966 1756
967 1758
968 1760
969 1762
972 1767
973 1769
974 1771
977 1776
978 1778
979 1780
980 1782
982 1785
983 1787
984 1789
985 1791
