0 0
1 3
2 6
3 9
4 13
5 18
6 23
7 34
8 36
9 39
10 42
11 45
12 48
13 51
14 54
15 57
16 60
17 64
18 67
19 70
20 73
21 76
22 79
23 82
24 85
25 88
26 91
27 94
28 97
29 100
30 103
31 106
32 109
33 112
34 115
35 117
36 121
37 123
38 126
39 129
40 132
41 135
42 138
43 141
44 144
45 147
46 150
47 153
48 156
49 159
50 161
51 165
52 167
53 170
54 173
55 176
56 179
57 182
58 185
59 188
60 191
61 194
62 197
63 200
64 203
65 206
66 209
67 211
68 214
69 217
70 220
71 223
72 226
73 229
74 232
75 235
76 238
77 241
78 244
79 247
80 250
81 253
82 256
83 259
84 262
85 265
86 268
87 271
88 274
89 277
90 280
91 283
92 286
93 289
94 292
95 295
96 298
97 301
98 304
99 307
100 310
101 313
102 316
103 319
104 322
105 325
106 328
107 331
108 335
109 338
110 341
111 344
112 347
113 350
114 353
115 356
116 359
117 363
118 366
119 369
120 372
121 375
122 378
123 381
124 384
125 387
126 390
127 393
128 396
129 399
130 403
131 406
132 409
133 413
134 416
135 419
136 423
137 426
138 429
139 432
140 436
141 439
142 443
143 446
144 449
145 452
146 455
147 459
148 462
149 465
150 469
151 472
152 475
153 479
154 482
155 485
156 488
157 491
158 495
159 498
160 502
161 505
162 508
163 511
164 515
165 518
166 521
167 524
168 527
169 531
170 534
171 537
172 540
173 544
174 546
175 549
176 553
177 556
178 559
179 562
180 565
181 568
182 571
183 575
184 578
185 581
186 584
187 587
188 590
189 593
190 596
191 599
192 602
193 606
194 609
195 612
196 615
197 618
198 621
199 624
200 627
201 630
202 633
203 636
204 639
205 642
206 646
207 649
208 652
209 655
210 658
211 661
212 664
213 667
214 670
215 673
216 676
217 679
218 682
219 685
220 688
221 691
222 694
223 697
224 700
225 703
226 706
227 709
228 712
229 715
230 718
231 721
232 724
233 727
234 730
235 733
236 736
237 739
238 742
239 745
240 748
241 751
242 754
243 757
244 760
245 764
246 767
247 770
248 773
249 776
250 779
251 782
252 785
253 788
254 791
255 794
256 797
257 800
258 803
259 806
260 809
261 812
262 815
263 818
264 821
265 824
266 827
267 830
268 833
269 836
270 839
271 842
272 845
273 848
274 851
275 854
276 858
277 861
278 864
279 867
280 870
281 873
282 876
283 880
284 883
285 886
286 889
287 892
288 895
289 898
290 901
291 904
292 908
293 911
294 914
295 917
296 920
297 923
298 925
299 928
300 931
301 934
302 938
303 941
304 943
305 946
306 949
307 952
308 955
309 958
310 961
311 964
312 967
313 970
314 973
315 976
316 979
317 982
318 985
319 988
320 990
321 993
322 997
323 1000
324 1003
325 1005
326 1008
327 1011
328 1014
329 1018
330 1020
331 1023
332 1026
333 1029
334 1032
335 1035
336 1038
337 1041
338 1044
339 1047
340 1050
341 1053
342 1056
343 1059
344 1062
345 1064
346 1067
347 1070
348 1073
349 1076
350 1079
351 1082
352 1085
353 1088
354 1091
355 1093
356 1096
357 1100
358 1102
359 1105
360 1108
361 1111
362 1114
363 1117
364 1120
365 1123
366 1126
367 1129
368 1131
369 1134
370 1137
371 1140
372 1143
373 1146
374 1149
375 1152
376 1155
377 1158
378 1161
379 1164
380 1166
381 1169
382 1172
383 1175
384 1178
385 1181
386 1184
387 1187
388 1190
389 1193
390 1196
391 1199
392 1202
393 1205
394 1208
395 1211
396 1214
397 1216
398 1219
399 1222
400 1225
401 1228
402 1231
403 1234
404 1237
405 1240
406 1243
407 1246
408 1249
409 1252
410 1255
411 1258
412 1261
413 1263
414 1267
415 1269
416 1272
417 1275
418 1278
419 1281
420 1284
421 1287
422 1290
423 1293
424 1296
425 1299
426 1302
427 1305
428 1308
429 1311
430 1314
431 1317
432 1320
433 1322
434 1326
435 1328
436 1331
437 1334
438 1337
439 1340
440 1343
441 1346
442 1349
443 1352
444 1355
445 1358
446 1361
447 1364
448 1367
449 1370
450 1373
451 1376
452 1379
453 1382
454 1385
455 1388
456 1391
457 1394
458 1397
459 1400
460 1403
461 1406
462 1409
463 1412
464 1415
465 1418
466 1421
467 1424
468 1427
469 1430
470 1433
471 1436
472 1439
473 1442
474 1445
475 1448
476 1451
477 1454
478 1457
479 1460
480 1463
481 1466
482 1470
483 1473
484 1476
485 1479
486 1482
487 1485
488 1488
489 1491
490 1494
491 1497
492 1500
493 1503
494 1506
495 1509
496 1512
497 1515
498 1518
499 1521
500 1524
501 1527
502 1530
503 1533
504 1536
505 1539
506 1542
507 1545
508 1548
509 1551
510 1554
511 1557
512 1560
513 1563
514 1566
515 1569
516 1572
517 1575
518 1578
519 1581
520 1584
521 1587
522 1590
523 1593
524 1596
525 1599
526 1602
527 1605
528 1609
529 1612
530 1615
531 1618
532 1621
533 1624
534 1627
535 1630
536 1633
537 1636
538 1639
539 1642
540 1645
541 1648
542 1651
543 1654
544 1657
545 1660
546 1663
547 1666
548 1669
549 1671
550 1674
551 1677
552 1680
553 1683
554 1686
555 1689
556 1692
557 1695
558 1698
559 1700
560 1704
561 1706
562 1709
563 1712
564 1715
565 1718
566 1721
567 1724
568 1727
569 1729
570 1733
571 1735
572 1738
573 1741
574 1744
575 1747
576 1750
577 1753
578 1756
579 1759
580 1762
581 1765
582 1768
583 1770
584 1773
585 1776
586 1779
587 1782
588 1785
589 1788
590 1791
591 1794
592 1797
593 1799
594 1802
595 1805
596 1808
597 1812
598 1814
599 1817
600 1821
601 1824
602 1827
603 1830
604 1833
605 1836
606 1839
607 1842
608 1845
609 1848
610 1851
611 1854
612 1857
613 1860
614 1863
615 1865
616 1868
617 1871
618 1874
619 1877
620 1880
621 1883
622 1886
623 1889
624 1892
625 1895
626 1898
627 1901
628 1904
629 1907
630 1910
631 1913
632 1916
633 1919
634 1922
635 1925
636 1928
637 1931
638 1934
639 1937
640 1940
641 1943
642 1946
643 1949
644 1952
645 1955
646 1958
647 1960
648 1963
649 1966
650 1969
651 1972
652 1975
653 1978
654 1981
655 1984
656 1987
657 1990
658 1993
659 1996
660 1999
661 2003
662 2006
663 2008
664 2011
665 2014
666 2017
667 2020
668 2023
669 2026
670 2029
671 2032
672 2035
673 2039
674 2042
675 2045
676 2048
677 2051
678 2054
679 2057
680 2060
681 2063
682 2067
683 2069
684 2072
685 2076
686 2079
687 2082
688 2085
689 2088
690 2091
691 2094
692 2097
693 2100
694 2103
695 2106
696 2109
697 2112
698 2115
699 2118
700 2121
701 2124
702 2127
703 2130
704 2133
705 2136
706 2139
707 2142
708 2145
709 2148
710 2150
711 2153
712 2156
713 2159
714 2162
715 2165
716 2168
717 2171
718 2174
719 2177
720 2180
721 2183
722 2186
723 2188
724 2192
725 2194
726 2197
727 2200
728 2203
729 2206
730 2209
731 2212
732 2215
733 2218
734 2221
735 2224
736 2227
737 2230
738 2233
739 2236
740 2239
741 2242
742 2245
743 2248
744 2251
745 2254
746 2257
747 2260
748 2263
749 2266
750 2269
751 2272
752 2275
753 2278
754 2281
755 2284
756 2287
757 2290
758 2293
759 2296
760 2298
761 2302
762 2305
763 2308
764 2311
765 2314
766 2317
767 2320
768 2323
769 2326
770 2329
771 2332
772 2335
773 2339
774 2342
775 2345
776 2348
777 2351
778 2354
779 2357
780 2360
781 2363
782 2367
783 2370
784 2373
785 2376
786 2379
787 2382
788 2384
789 2388
790 2391
791 2394
792 2397
793 2400
794 2403
795 2406
796 2409
797 2412
798 2415
799 2418
800 2421
801 2424
802 2427
803 2429
804 2433
805 2435
806 2438
807 2441
808 2444
809 2447
810 2450
811 2453
812 2456
813 2459
814 2462
815 2465
816 2468
817 2471
818 2474
819 2477
820 2480
821 2484
822 2487
823 2490
824 2493
825 2496
826 2500
827 2503
828 2506
829 2509
830 2512
831 2515
832 2518
833 2521
834 2524
835 2527
836 2530
837 2534
838 2537
839 2540
840 2543
841 2546
842 2549
843 2552
844 2555
845 2558
846 2561
847 2564
848 2567
849 2570
850 2572
851 2575
852 2578
853 2581
854 2584
855 2587
856 2590
857 2593
858 2595
859 2599
860 2601
861 2604
862 2607
863 2610
864 2614
865 2616
866 2619
867 2622
868 2625
869 2628
899 2718
900 2721
901 2724
902 2727
903 2730
904 2733
905 2736
906 2739
907 2742
908 2745
909 2748
910 2751
911 2754
912 2757
913 2760
914 2762
915 2765
916 2768
917 2771
918 2774
919 2777
920 2780
921 2783
922 2786
923 2789
924 2792
925 2794
926 2797
927 2798
957 3002
958 3005
959 3008
960 3011
961 3014
962 3017
963 3020
964 3023
965 3026
966 3029
967 3032
968 3035
