0 0
1 2
3 8
5 15
6 18
7 20
8 22
9 24
14 33
15 35
16 37
17 39
21 46
22 48
25 53
26 55
27 57
30 62
31 64
32 66
33 68
36 73
37 75
39 78
40 80
42 83
43 85
45 88
46 90
47 92
49 95
50 97
52 100
53 102
55 105
56 107
58 110
59 112
60 114
62 117
63 119
66 124
67 126
69 129
70 131
71 133
73 136
74 138
77 143
78 145
80 148
81 150
83 153
84 155
85 157
87 160
88 162
89 164
91 167
92 169
93 171
94 172
95 174
96 176
98 179
99 181
100 183
102 186
103 188
105 191
106 193
107 195
109 198
110 200
112 203
113 205
114 207
116 210
117 212
120 217
121 219
122 221
124 224
125 226
126 228
128 231
129 233
130 235
132 238
133 240
134 242
137 247
138 249
141 254
142 256
145 261
146 263
149 268
150 270
152 273
153 275
154 277
157 282
158 284
159 286
160 288
163 293
164 295
167 300
168 302
171 307
172 309
173 311
177 318
178 320
179 322
183 329
184 331
185 333
187 336
188 338
189 340
191 343
192 345
193 347
196 352
197 354
200 359
201 361
202 363
205 368
206 370
207 372
208 374
210 377
211 379
212 381
213 383
214 385
216 388
217 390
218 392
219 394
220 396
223 401
224 403
225 405
226 407
229 412
230 414
231 416
232 418
233 420
236 425
237 427
240 432
241 434
242 436
244 439
245 441
246 443
247 445
250 450
251 452
254 457
255 459
258 464
259 466
260 468
262 471
263 473
264 475
266 478
267 480
268 482
270 485
271 487
272 489
274 492
275 494
276 496
280 503
281 505
282 507
284 510
285 512
286 514
287 516
288 518
290 521
291 523
292 525
294 528
295 530
298 535
299 537
301 540
302 542
303 544
304 546
305 547
306 549
307 551
309 554
310 556
312 559
313 561
315 564
316 566
318 569
319 571
322 576
323 578
325 581
326 583
329 588
332 593
333 595
335 598
336 600
339 605
340 607
342 610
343 612
346 617
347 619
349 622
350 624
353 629
354 631
356 634
357 636
359 639
360 641
363 646
364 648
366 651
367 653
369 656
370 658
372 661
373 663
375 666
376 668
378 671
379 673
381 676
382 678
384 681
385 683
387 686
388 688
390 691
391 693
393 696
394 698
396 701
397 703
399 706
400 708
402 711
403 713
405 716
406 718
408 721
409 723
411 726
412 728
414 731
417 736
418 738
419 739
420 741
421 743
423 746
424 748
425 749
426 751
428 754
429 756
431 759
432 761
434 764
436 767
437 769
439 772
442 777
443 779
445 782
447 785
448 787
450 790
451 792
453 795
454 797
456 800
457 802
459 805
460 807
462 810
463 812
465 815
466 817
468 820
470 823
471 825
473 828
474 830
476 833
478 836
479 838
481 841
483 844
484 846
486 849
487 851
489 854
491 857
492 859
494 862
495 864
496 866
498 869
499 871
501 874
502 876
504 879
505 881
507 884
508 886
510 889
511 891
514 896
515 898
517 901
518 903
520 906
521 908
523 911
524 913
526 916
528 919
529 921
531 924
533 927
534 929
536 932
537 934
539 937
540 939
543 944
544 946
546 949
547 951
549 954
550 956
552 959
553 961
554 962
555 964
557 967
558 969
560 972
563 977
565 980
566 982
568 985
569 987
571 990
572 992
574 995
575 997
577 1000
578 1002
580 1005
581 1007
584 1012
585 1014
587 1017
588 1019
590 1022
591 1024
593 1027
594 1029
596 1032
597 1034
599 1037
600 1039
602 1042
605 1047
606 1049
608 1052
609 1054
611 1057
612 1059
614 1062
615 1064
617 1067
618 1069
620 1072
621 1074
623 1077
624 1079
626 1082
627 1084
629 1087
630 1089
632 1092
633 1094
635 1097
636 1099
638 1102
639 1104
641 1107
642 1109
644 1112
645 1114
647 1117
648 1119
649 1121
651 1124
652 1126
654 1129
655 1131
657 1134
658 1136
661 1141
662 1143
664 1146
665 1148
667 1151
669 1154
670 1156
673 1161
674 1163
676 1166
677 1168
678 1170
680 1173
681 1175
682 1177
685 1182
686 1184
688 1187
689 1189
690 1191
692 1194
693 1196
694 1198
696 1201
697 1203
698 1205
701 1210
702 1212
703 1214
705 1217
706 1219
707 1221
710 1226
713 1231
714 1233
716 1236
717 1238
720 1243
721 1245
723 1248
724 1250
727 1255
728 1257
730 1260
731 1262
732 1264
734 1267
735 1269
737 1272
738 1274
741 1279
742 1281
744 1284
745 1286
747 1289
748 1291
750 1294
751 1296
753 1299
754 1301
755 1303
757 1306
758 1308
760 1311
761 1313
762 1315
765 1320
768 1325
769 1327
771 1330
772 1332
774 1335
775 1337
777 1340
778 1342
780 1345
781 1347
783 1350
784 1352
786 1355
787 1357
790 1362
791 1364
793 1367
794 1369
796 1372
797 1374
800 1379
801 1381
803 1384
804 1386
807 1391
808 1393
811 1398
812 1400
814 1403
815 1405
816 1407
818 1410
819 1412
820 1414
822 1417
823 1419
824 1421
825 1423
827 1426
828 1428
830 1431
831 1433
832 1435
834 1438
835 1440
836 1442
839 1447
840 1449
842 1452
843 1454
844 1456
846 1459
847 1461
849 1464
850 1466
852 1469
853 1471
855 1474
856 1476
858 1479
859 1481
861 1484
862 1486
864 1489
865 1491
868 1496
869 1498
871 1501
872 1503
874 1506
875 1508
878 1513
879 1515
881 1518
882 1520
884 1523
885 1525
887 1528
888 1530
890 1533
891 1535
893 1538
894 1540
897 1545
898 1547
900 1550
901 1552
904 1557
905 1559
907 1562
908 1564
911 1569
914 1574
915 1576
916 1578
919 1583
920 1585
922 1588
923 1590
925 1593
926 1595
928 1598
929 1600
931 1603
932 1605
935 1610
936 1612
938 1615
939 1617
941 1620
942 1622
944 1625
945 1627
948 1632
949 1634
951 1637
952 1639
954 1642
955 1644
956 1646
958 1649
959 1651
962 1656
963 1658
965 1661
966 1663
968 1666
969 1668
970 1670
972 1673
973 1675
974 1677
976 1680
977 1682
979 1685
980 1687
981 1689
983 1692
984 1694
985 1696
