2
2
1910.8081151
8.922091698e-06
15172.6000661
0.0 0.0
1.0 0.0
2
3034.4390399
4.109721335e-06
27495.9677704
0.0 0.0
1.0 0.0
2
1857.7536255
7.91365798e-06
15238.9189964
0.0 0.0
1.0 0.0
2
3411.267521
4.099330728e-06
27780.7276941
0.0 0.0
1.0 0.0
2
2700.7732591
4.881044603e-06
21891.6745816
0.0 0.0
1.0 0.0
2
2665.7892201
4.428838556e-06
24842.8630097
0.0 0.0
1.0 0.0
2
4256.6765121
3.148510081e-06
33848.0652922
0.0 0.0
1.0 0.0
2
3399.7306344
4.653725033e-06
23934.4604345
0.0 0.0
1.0 0.0
2
4644.4172952
3.237267834e-06
34375.1733783
0.0 0.0
1.0 0.0
2
1745.6698736
7.663529481e-06
16384.4891543
0.0 0.0
1.0 0.0
2
694.0825585
7.768785785e-05
2127.4324607
0.0 0.0
1.0 0.0
2
660.7495515
5.4602275401e-05
3044.3697883
0.0 0.0
1.0 0.0
2
766.9746802
3.1670918822e-05
4406.9659039
0.0 0.0
1.0 0.0
2
906.7183219
2.9076658411e-05
5283.9444578
0.0 0.0
1.0 0.0
2
868.7091475
3.5337233743e-05
4704.875237
0.0 0.0
1.0 0.0
2
1170.9149305
2.1771887221e-05
6044.9261894
0.0 0.0
1.0 0.0
2
1143.7209369
2.2158999774e-05
5889.4856821
0.0 0.0
1.0 0.0
2
828.7577157
3.5967893902e-05
4617.7142662
0.0 0.0
1.0 0.0
2
877.934794
3.2183716841e-05
4967.5920575
0.0 0.0
1.0 0.0
2
925.2940724
2.8431156622e-05
5491.5410672
0.0 0.0
1.0 0.0
2
1341.5911811
2.0107752384e-05
6787.4227044
0.0 0.0
1.0 0.0
