0.000000 -0.000000 -0.000000 0.000000 -0.000000 -0.000000 0.000000 1.000000
1.000000 0.009164 -0.033137 0.071695 -0.115857 -0.034371 -0.005329 0.992657
2.000000 0.010713 -0.038007 0.113105 -0.263409 -0.080919 -0.010440 0.961228
3.000000 0.005753 -0.019421 0.130339 -0.411009 -0.132162 -0.016748 0.901845
4.000000 -0.004613 0.017812 0.129508 -0.517425 -0.173337 -0.019656 0.837758
5.000000 -0.019283 0.068882 0.116724 -0.573270 -0.195349 -0.014928 0.795599
6.000000 -0.037151 0.128980 0.098096 -0.592449 -0.201274 -0.004837 0.780044
7.000000 -0.057116 0.193297 0.079735 -0.608077 -0.207725 0.002814 0.766215
8.000000 -0.078072 0.257023 0.067751 -0.602149 -0.210373 0.010707 0.770095
9.000000 -0.098916 0.315348 0.068256 -0.564690 -0.203619 0.018763 0.799570
10.000000 -0.118546 0.363463 0.087359 -0.516251 -0.193806 0.025226 0.833839
11.000000 -0.135856 0.396559 0.131172 -0.465275 -0.182925 0.030212 0.865532
