0 0
1 1
3 3
9 12
10 13
11 14
18 20
19 21
26 27
27 28
28 29
29 30
37 37
38 38
39 39
40 40
41 41
42 42
43 43
51 50
52 51
53 52
54 53
55 54
56 55
67 65
68 66
75 72
76 73
77 74
83 79
84 80
85 81
86 82
92 87
93 88
94 89
100 94
101 95
102 96
110 103
111 104
112 105
119 111
120 112
128 119
129 120
130 121
131 122
137 127
138 128
139 129
140 130
147 136
148 137
149 138
150 139
156 144
157 145
158 146
159 147
168 155
169 156
170 157
178 164
179 165
180 166
181 167
192 177
193 178
194 179
203 187
204 188
205 189
206 190
207 191
216 199
217 200
218 201
219 202
229 211
230 212
231 213
232 214
233 215
234 216
244 225
245 226
246 227
247 228
248 229
260 240
261 241
262 242
263 243
264 244
265 245
266 246
283 262
284 263
285 264
286 265
287 266
288 267
289 268
290 269
308 286
309 287
310 288
311 289
312 290
313 291
314 292
325 302
326 303
327 304
328 305
329 306
330 307
340 316
341 317
342 318
343 319
344 320
355 330
356 331
357 332
358 333
369 343
370 344
371 345
372 346
374 348
382 355
383 356
384 357
385 358
386 359
395 367
396 368
397 369
398 370
410 381
411 382
412 383
413 384
414 385
423 393
424 394
425 395
426 396
427 397
428 398
438 407
439 408
440 409
441 410
449 417
451 419
452 420
453 421
454 422
455 423
467 434
468 435
469 436
470 437
471 438
481 447
482 448
483 449
484 450
491 456
492 457
493 458
494 459
495 460
503 467
504 468
505 469
512 475
513 476
514 477
520 482
521 483
522 484
528 489
529 490
530 491
531 492
538 498
539 499
540 500
547 506
548 507
549 508
550 509
551 510
557 515
558 516
559 517
565 522
566 523
567 524
574 530
575 531
576 532
582 537
583 538
584 539
585 540
592 546
593 547
594 548
601 554
602 555
603 556
611 563
612 564
619 570
620 571
621 572
628 578
629 579
630 580
636 585
637 586
638 587
645 593
646 594
647 595
648 596
657 604
658 605
659 606
669 615
670 616
678 623
679 624
680 625
689 633
690 634
691 635
692 636
693 637
707 650
708 651
709 652
710 653
721 663
722 664
723 665
724 666
725 667
726 668
733 678
734 679
735 680
736 681
737 682
746 691
747 692
748 693
755 699
756 700
757 701
764 707
765 708
766 709
773 715
774 716
775 717
782 723
783 724
790 730
791 731
792 732
798 737
799 738
800 739
805 743
806 744
812 749
813 750
820 756
821 757
822 758
827 762
828 763
829 764
835 769
836 770
842 775
843 776
844 777
849 781
850 782
851 783
858 789
859 790
860 791
866 796
867 797
868 798
874 803
875 804
876 805
882 810
883 811
884 812
885 813
891 818
892 819
893 820
900 826
901 827
902 828
909 834
910 835
911 836
912 837
918 842
919 843
920 844
926 849
927 850
928 851
935 857
966 886
967 887
968 888
969 889
970 890
979 898
980 899
981 900
982 901
990 908
991 909
992 910
1001 918
1002 919
1003 920
1009 925
1010 926
