0 0
1 2
4 12
5 15
6 18
7 21
9 24
10 26
11 28
12 30
15 35
16 37
17 39
18 41
19 43
22 48
23 50
24 52
25 54
26 56
28 59
29 61
30 63
31 65
34 70
35 72
36 74
37 76
38 78
41 83
42 85
43 87
44 89
46 92
47 94
48 96
51 101
52 103
53 105
55 108
56 110
57 112
58 114
60 117
61 119
62 121
64 124
65 126
66 128
69 133
70 135
71 137
74 142
75 144
76 146
79 151
80 153
81 155
82 157
86 164
87 166
88 168
89 170
90 172
91 174
94 179
95 181
96 183
97 185
98 187
99 189
102 194
103 196
104 198
105 200
106 202
107 204
108 206
109 208
110 210
113 215
114 217
115 219
116 221
117 223
118 225
121 230
122 232
123 234
124 236
125 238
129 245
130 247
131 249
132 251
133 253
134 255
135 257
138 262
139 264
140 266
141 268
142 270
143 272
149 283
150 285
151 287
152 289
153 291
156 296
157 298
158 300
159 302
160 304
161 306
165 313
166 315
167 317
168 319
169 321
170 323
172 326
174 330
175 332
176 334
179 339
180 341
181 343
184 348
185 350
186 352
189 357
190 359
191 361
193 364
194 366
195 368
197 371
198 373
201 378
202 380
203 382
204 384
206 387
207 389
208 391
210 394
211 396
214 401
215 403
217 406
218 408
220 411
221 413
224 418
225 420
227 423
228 425
230 428
231 430
233 433
234 435
235 437
237 440
238 442
240 445
241 447
243 450
244 452
245 454
246 455
247 457
248 459
250 462
251 464
253 467
254 469
256 472
257 474
259 477
260 479
263 484
264 486
266 489
269 494
270 496
271 498
273 501
274 503
276 506
277 508
278 510
279 511
280 513
281 515
283 518
284 520
286 523
287 525
289 528
290 530
291 532
293 535
294 537
297 542
298 544
300 547
301 549
302 551
304 554
305 556
307 559
308 561
309 563
311 566
312 568
313 570
315 573
316 575
317 577
318 578
319 580
320 582
321 584
323 587
324 589
325 591
327 594
328 596
329 598
330 600
331 602
333 605
334 607
335 609
336 611
339 616
340 618
341 620
344 625
345 627
346 629
347 631
349 634
350 636
351 638
352 640
353 642
356 647
357 649
358 651
361 656
362 658
363 660
366 665
367 667
368 669
371 674
372 676
373 678
376 683
377 685
378 687
381 692
382 694
383 696
385 699
386 701
387 703
389 706
390 708
391 710
392 712
394 715
395 717
396 719
397 721
399 724
400 726
401 728
403 731
404 733
405 735
407 738
408 740
409 742
410 744
412 747
413 749
416 754
417 756
419 759
420 761
421 763
422 765
424 768
425 770
426 772
428 775
429 777
430 779
431 781
433 784
434 786
435 788
436 790
437 792
440 797
441 799
442 801
445 806
446 808
447 810
451 817
452 819
453 821
454 823
455 825
456 827
458 830
459 832
460 834
461 836
462 838
465 843
466 845
467 847
468 849
469 851
470 853
471 855
476 864
477 866
478 868
479 870
480 872
481 874
482 876
483 878
484 880
485 882
486 884
490 892
491 894
495 901
496 903
497 905
498 907
499 909
500 911
501 913
502 915
505 920
506 922
507 924
508 926
509 928
511 931
512 933
513 935
514 937
517 942
518 944
519 946
520 948
521 950
523 953
524 955
525 957
526 959
527 961
528 963
530 966
531 968
532 970
533 972
535 975
536 977
537 979
538 981
540 984
541 986
542 988
543 990
546 995
547 997
548 999
549 1001
551 1004
552 1006
553 1008
554 1010
557 1015
558 1017
562 1024
563 1026
564 1028
566 1031
567 1033
568 1035
572 1042
573 1044
576 1049
577 1051
578 1053
580 1056
581 1058
582 1060
585 1065
586 1067
587 1069
589 1072
590 1074
591 1076
592 1078
594 1081
595 1083
596 1085
597 1087
599 1090
600 1092
601 1094
603 1097
604 1099
605 1101
607 1104
608 1106
609 1108
611 1111
612 1113
613 1115
615 1118
616 1120
617 1122
619 1125
620 1127
623 1132
624 1134
626 1137
627 1139
628 1141
630 1144
631 1146
632 1148
634 1151
635 1153
636 1155
638 1158
639 1160
640 1162
642 1165
643 1167
644 1169
646 1172
647 1174
648 1176
649 1178
651 1181
652 1183
654 1186
655 1188
656 1190
658 1193
659 1195
660 1197
662 1200
663 1202
664 1204
665 1206
667 1209
668 1211
669 1213
671 1216
672 1218
673 1220
675 1223
676 1225
677 1227
679 1230
680 1232
681 1234
683 1237
684 1239
685 1241
688 1246
689 1248
690 1250
692 1253
693 1255
694 1257
695 1259
697 1262
698 1264
699 1266
702 1271
703 1273
704 1275
706 1278
707 1280
708 1282
709 1284
713 1291
714 1293
715 1295
718 1300
719 1302
720 1304
721 1306
722 1308
725 1313
726 1315
727 1317
728 1319
729 1321
731 1324
732 1326
733 1328
734 1330
737 1335
738 1337
739 1339
741 1342
742 1344
743 1346
745 1349
746 1351
747 1353
748 1355
749 1357
750 1359
752 1362
753 1364
754 1366
755 1368
756 1370
758 1373
759 1375
760 1377
761 1379
763 1382
764 1384
765 1386
767 1389
769 1393
770 1395
771 1397
773 1400
774 1402
775 1404
777 1407
778 1409
779 1411
780 1413
781 1415
783 1418
784 1420
785 1422
786 1424
789 1429
790 1431
791 1433
792 1435
794 1438
796 1442
797 1444
798 1446
799 1448
801 1451
802 1453
803 1455
804 1457
806 1460
807 1462
808 1464
809 1466
812 1471
813 1473
814 1475
816 1478
817 1480
820 1485
821 1487
822 1489
824 1492
825 1494
826 1496
828 1499
829 1501
830 1503
831 1505
833 1508
834 1510
835 1512
837 1515
838 1517
839 1519
842 1524
843 1526
844 1528
847 1533
848 1535
850 1538
851 1540
852 1542
853 1544
855 1547
856 1549
857 1551
860 1556
861 1558
863 1561
864 1563
865 1565
866 1567
868 1570
869 1572
872 1577
873 1579
874 1581
877 1586
878 1588
881 1593
882 1595
883 1597
884 1599
886 1602
887 1604
888 1606
889 1608
890 1610
892 1613
893 1615
894 1617
896 1620
897 1622
898 1624
900 1627
901 1629
902 1631
903 1633
905 1636
906 1638
907 1640
908 1642
909 1643
910 1645
911 1647
914 1652
915 1654
916 1656
918 1659
919 1661
920 1663
922 1666
923 1668
924 1670
925 1672
926 1674
929 1679
930 1681
933 1686
934 1688
935 1690
936 1692
938 1695
939 1697
940 1699
942 1702
943 1704
944 1706
945 1708
948 1713
949 1715
950 1717
952 1720
953 1722
954 1724
955 1726
956 1727
957 1729
958 1731
961 1736
962 1738
963 1740
966 1745
967 1747
969 1750
970 1752
971 1754
973 1757
974 1759
975 1761
977 1764
979 1768
980 1770
981 1772
983 1775
984 1777
985 1779
987 1782
988 1784
989 1786
990 1788
992 1791
993 1793
994 1795
995 1797
997 1800
998 1802
999 1804
1000 1806
1003 1811
1004 1813
1006 1816
1007 1818
1008 1820
