0.00030954249086789787, 0.0012512780958786607, 0.007265056483447552, -0.11244229600547193, -0.25666338610127337, -0.9599378293952409, -0.9159579443489996, 0.40127427550735806, 0.0, 0.3851983570226812, 0.8792626809157055, -0.2802130683889556
0.00030796850168587377, 0.0012476852717591192, 0.007251619086555458, -0.16794138286118912, -0.24659788578880262, -0.954455433557358, -0.9081106080057912, 0.4154319858415466, 0.05245368211194745, 0.3835763490493434, 0.8755602479922452, -0.2937063781836115
0.00030562121923770086, 0.0012442386234154704, 0.007238278857669739, -0.22230324817519914, -0.21728800222995084, -0.950456306169659, -0.8960930064953556, 0.42967012049334236, 0.11135937888364501, 0.3841856186283792, 0.876452800578647, -0.2902273226231054
0.00030250936072392606, 0.0012411969696149488, 0.007224974123831599, -0.25836014657511186, -0.18975701252589386, -0.9472287531842213, -0.8854733634476664, 0.4385485305583833, 0.15366232124291207, 0.38624727479474064, 0.8784460498757626, -0.28132824275444807
0.00029888223062825325, 0.0012385329621040322, 0.00721167593537759, -0.2596547089054052, -0.1864054746207183, -0.9475402002947813, -0.8848094220721425, 0.4390287152173207, 0.15609636071026733, 0.3869001405474163, 0.8789236521143652, -0.2789291935211086
0.00029524138682997085, 0.0012359192093278945, 0.007198389652696989, -0.2253246696026898, -0.20839526014034096, -0.9517353670109556, -0.8947174415969243, 0.4309070231623923, 0.11747270785837804, 0.38562869832352087, 0.8780037317348743, -0.283548856617236
0.0002921003127672133, 0.0012330141348521051, 0.0071851222582248325, -0.15585167390959997, -0.2533472884974573, -0.9547383972327508, -0.9105363534527902, 0.4115444775297139, 0.03942958350896563, 0.3829279367981284, 0.875469185309101, -0.2948218119368845
0.00028993856321551687, 0.001229500066805261, 0.0071718795047116275, -0.08304458345709881, -0.29648700310935877, -0.9514194943060963, -0.9207528612137348, 0.388032986345191, -0.04055329918457682, 0.3812056737840584, 0.8726544897582685, -0.30521529414427806
0.000288783894061404, 0.0012253776498716798, 0.007158650770254016, -0.031531469966330695, -0.3219476339694411, -0.9462322586887646, -0.9240965933348679, 0.37012712614004706, -0.09513882846767402, 0.38085594729327016, 0.8714101396453845, -0.3091813641449907
0.00028834279573149396, 0.0012208738774876443, 0.007145413789248681, -0.001984611101588718, -0.3309571302722251, -0.9436437035453311, -0.9245989755128402, 0.3600772655270901, -0.12434266094603239, 0.3809367346415701, 0.8722452297218409, -0.3067172369269638
0.0002883148918647816, 0.0012162205811097131, 0.007132146047217702, 0.006029255396724342, -0.32455876720503485, -0.9458463166443632, -0.9245806361388695, 0.3585132381465925, -0.1289143333795282, 0.3809387028859165, 0.8752884465728956, -0.29791918357098596
0.0002883998061002622, 0.001211649592194444, 0.007118825029683154, -0.007301866149682247, -0.30282278384606354, -0.9530189107958207, -0.9246317225444924, 0.3649663471998877, -0.10888408091165447, 0.38079241118375357, 0.8803964601219677, -0.2826644876696963
0.0002882971620769307, 0.0012073927421983957, 0.00710542822216712, -0.039723561315197546, -0.2677694715529156, -0.9626637776403089, -0.9237783796287429, 0.37706264491776853, -0.06676276760374099, 0.38086158116424934, 0.8866359297433696, -0.2623379196402587
0.0002877406127993844, 0.0012036411423667686, 0.007091940765045276, -0.06386798764445312, -0.2512903322801639, -0.965802282590372, -0.9223242808955635, 0.38444020211630053, -0.03903398349207566, 0.38110208740536916, 0.888289873802073, -0.2563245970951043
0.00028684742372727637, 0.0012001268657002087, 0.0070784340917267275, -0.06255329459270317, -0.274160829310714, -0.9596472919814133, -0.9230135923614305, 0.3816514092557279, -0.04886829370014787, 0.3796485133009815, 0.8827106215996149, -0.27692772498176504
0.00028597386977510125, 0.001196298222020681, 0.007065032660354281, -0.046398625162045314, -0.3146496932860339, -0.9480731712785024, -0.9248911545582384, 0.3720975599203698, -0.07822888290929185, 0.3773904076722154, 0.8732347773745109, -0.30828153331117253
0.0002853256681634087, 0.0011919024788797097, 0.007051787816234894, -0.03183341858726696, -0.34070519901553664, -0.9396310982640109, -0.9259125101016139, 0.36408299635540686, -0.10064589113420175, 0.3763942840936571, 0.8668122859816031, -0.32705321244863356
0.0002848802897909022, 0.0011871357044088476, 0.007038641525705208, -0.02024203120663408, -0.3502738738521554, -0.9364285736078508, -0.9263047071531971, 0.3590284081369115, -0.11427244486972853, 0.37623111205542203, 0.8651050892505949, -0.33172780238361227
0.0002845968021408583, 0.0011822301533622919, 0.00702552693591646, -0.01160633967696896, -0.3436334412864309, -0.9390321351843864, -0.9263795237064065, 0.3572061319852817, -0.11926758708720954, 0.37641236820380175, 0.8685158820089353, -0.3224808393710347
0.00028443427269655313, 0.0011774180804942377, 0.007012377194019875, -0.005896995083124266, -0.3206632770486288, -0.9471748984223683, -0.926363599688648, 0.3584553325598373, -0.11558657245245547, 0.37658426231174336, 0.8767467349878475, -0.29916459694835107
0.00028435176894126343, 0.0011729317405588828, 0.0069991254471667, -0.0014313684350679215, -0.2818621933685794, -0.9594538316843895, -0.9264055933499584, 0.36163228139842685, -0.10485594718698882, 0.3765244053103525, 0.8886933087404352, -0.26163634152323473
0.00028433175349752243, 0.0011689903396338186, 0.0069857089893773, 0.01610036158263683, -0.24492607627183954, -0.969408064500698, -0.9263775305245426, 0.361182121365538, -0.10664026512129501, 0.3762518429139699, 0.8997547956904542, -0.2210788509466035
0.00028455706390967774, 0.0011655628144251983, 0.006972142975382007, 0.014101618915964403, -0.24934807015798977, -0.9683112538086269, -0.9263794779836927, 0.3612164053963261, -0.10650714174748056, 0.3763272606583396, 0.8985255969537225, -0.22589719897410626
0.00028475421886459454, 0.001162076675151151, 0.006958605000577288, -0.019776677371937737, -0.2970455639566945, -0.9546584813250106, -0.9262030034355979, 0.36501860074359915, -0.09438971097562868, 0.37650614796972975, 0.882340837797296, -0.28234334859557375
0.0002844781537368976, 0.0011579301787502001, 0.006945278802723249, -0.05345660255625825, -0.33059157959964175, -0.9422587750405702, -0.9253988614669281, 0.370954862794635, -0.07764944922359047, 0.3752057286860845, 0.8678143218839081, -0.3257590580387859
0.00028373051445485843, 0.0011533065543632974, 0.0069321004554213405, -0.07411806940929799, -0.32850816147241496, -0.9415884980356611, -0.9241102030877854, 0.3775470823272928, -0.058979091000121, 0.37486910293606573, 0.8657601217844133, -0.3315608046674806
0.000282691964970766, 0.0011487034665557442, 0.006918906827245974, -0.0606863546007838, -0.3024843697273674, -0.9512204646851881, -0.9242346184401153, 0.37693710646520495, -0.060899818115435676, 0.37697153266808137, 0.8754550952734675, -0.30244146494421303
0.00028184265808969475, 0.0011444701910802942, 0.00690559447570686, 0.07699595248220449, -0.309034307268807, -0.9479290164523115, -0.9220461302574974, 0.33966618583673697, -0.18562816563306772, 0.3793449050383205, 0.8883268987990918, -0.25879096562951276
0.0002829170100053748, 0.001140158125454483, 0.0068923676849221155, 0.1337793430056307, -0.304149482550336, -0.9431840645649949, -0.9163657277985766, 0.3244104225891428, -0.2345884281709541, 0.3773286900053677, 0.895684637570555, -0.2353127487386446
0.0002847935671264059, 0.0011358917427341424, 0.006879137400387619, 0.042274909530516235, -0.25388180152292444, -0.966310955582964, -0.9260053190233694, 0.35319053151510765, -0.13330640490428022, 0.37513595024286167, 0.9004446009075462, -0.22016480084662726
0.00028538358149781794, 0.0011323484137666284, 0.00686565097646907, -0.06881398760314165, -0.20472446402548097, -0.9763977309168812, -0.9244969674367352, 0.3809054830782178, -0.014709526206840542, 0.3749266492401346, 0.9016645200907204, -0.2154787713421813
0.00028441936344781725, 0.0011294798251211264, 0.006851969741753255, -0.10698639019847966, -0.22132637256127677, -0.9693134421440598, -0.9217931154114353, 0.38745488746962126, 0.013272624306574922, 0.37262764885657507, 0.8949264478071761, -0.24546952626110427
0.0002829215861608714, 0.0011263813224685049, 0.00683839964508132, -0.13278395323945805, -0.23975133542758748, -0.9617108291595712, -0.9196989393312441, 0.3915236990364451, 0.029377782179797703, 0.3694892187264548, 0.8883853275766702, -0.2724871134409965
0.0002810642179405327, 0.0011230277055566487, 0.006824947333354953, -0.15376015424710018, -0.2519473634480437, -0.9554477175740634, -0.9175377002774244, 0.39527022842935816, 0.0434282752019732, 0.3667183981415757, 0.8833368398119612, -0.29194801574166307
0.00027891341354855623, 0.0011195034537860625, 0.006811582484982339, -0.16995634481751956, -0.25802753434376713, -0.9510713077244757, -0.9154614200044829, 0.39856547450735064, 0.05546125687456201, 0.36475365569058266, 0.8800950823923552, -0.30395298420833017
0.0002765353277466976, 0.0011158930465572513, 0.006798274778371661, -0.18142939833046584, -0.2580871472170393, -0.9489332947382632, -0.9135899465074564, 0.401323208781918, 0.06552168903109913, 0.363918648961479, 0.8788234785975824, -0.30859765132563227
0.0002739961152967123, 0.0011122809632707212, 0.0067849938919311075, -0.18821859554384168, -0.2521752578680485, -0.9492004001319674, -0.912012638633773, 0.40349600354466303, 0.07364728165892104, 0.3644265457726247, 0.8795445494360525, -0.3059324734211205
0.00027136193096035575, 0.0011087516833269764, 0.006771709504068865, -0.190326413192117, -0.24028408459480985, -0.9518610272155583, -0.9107902492705859, 0.40507234660683245, 0.07985935041094624, 0.36638364902796583, 0.8821450859721821, -0.2959443681168539
0.0002686989294993833, 0.0011053896861265222, 0.006758391293193115, -0.1879139997873635, -0.224161769887997, -0.956263472900955, -0.9100492046296327, 0.4059681603883152, 0.08366778295078833, 0.3694574046312887, 0.8859691606775081, -0.2802853411998286
0.00026607045584731793, 0.0011022541916630034, 0.0067450154226044575, -0.18315373990569833, -0.2233868837357036, -0.9573677494742587, -0.9108096375941928, 0.40505348713547645, 0.07973378596884581, 0.36997366341956167, 0.8865833140400522, -0.2776499876493195
0.00026350938319409954, 0.001099130531511058, 0.006731628372121545, -0.17775277129009479, -0.24296290653469196, -0.9536104961392287, -0.9131121592097149, 0.40203620016967234, 0.06777225432655727, 0.3669197964161428, 0.8828000451978611, -0.2933154329328592
0.00026102440276983897, 0.0010957339146134525, 0.006718296915187982, -0.17295092961274222, -0.26034516534908503, -0.949899137185336, -0.9150922074592669, 0.39916548623243164, 0.057211593651571926, 0.3642721891572488, 0.8791400966172479, -0.3072758739738634
0.00025860605870153976, 0.001092093551489981, 0.006705014633623851, -0.1690664499626353, -0.27102715915435444, -0.9476079434543337, -0.9164189778092873, 0.39709371017205464, 0.04992837322378226, 0.3627572088987519, 0.876847115717736, -0.31550965603206943
0.00025624128087385167, 0.0010883026218477536, 0.006691760186898808, -0.16613880567059797, -0.27507625208312586, -0.9469587914953045, -0.9171347801786789, 0.3959259134111069, 0.04589625340032774, 0.36230055511543685, 0.8761139918009992, -0.3180606563747944
0.0002539169991714248, 0.0010844543053938806, 0.006678512234482509, -0.164181490925632, -0.2725229121046925, -0.9480378159205542, -0.917271978903368, 0.3956988455424658, 0.04510587938461052, 0.36284508368742696, 0.8770140740115507, -0.3149440573014933
0.00025162014347890885, 0.0010806417818354716, 0.006665249435844605, -0.16318506365614943, -0.26335182931764717, -0.9507977960610695, -0.916852324240264, 0.3963823886503507, 0.047569081377174936, 0.36435209692653675, 0.8795037327737111, -0.30613842212689424
0.0002493376436809536, 0.0010769582308796362, 0.00665195045045475, -0.1628570459582739, -0.24840285101099455, -0.9548683711336104, -0.9159813352834708, 0.3977373640421211, 0.05275587793919279, 0.3666821184541925, 0.8832332720490295, -0.29230670733240227
0.00024706007771503933, 0.001073484301483645, 0.006638596556607387, -0.16101601051678358, -0.23504800912675067, -0.958554264380901, -0.9154342912436516, 0.39854613898852287, 0.056044924057172624, 0.3688548532586935, 0.8865175737135119, -0.2793433169499778
0.00024480818658499106, 0.0010701970350485296, 0.00662519068573342, -0.1566209534291713, -0.22698036280606532, -0.9612230708047765, -0.9155846959459514, 0.3983289584893998, 0.05512445354205226, 0.37037081620518814, 0.8887147774900434, -0.2702064077225516
0.00024261759352662, 0.001067022353779753, 0.006611746452759808, -0.1496809703352449, -0.22424862358805606, -0.9629684117032925, -0.9164004935265991, 0.3971321969859623, 0.04996152100675536, 0.37122195864968066, 0.8899430166791384, -0.26494468192498166
0.00024052402667469925, 0.001063885819563805, 0.006598277547917239, -0.14019438263729414, -0.22685100102442954, -0.9637863655453744, -0.9178136796285103, 0.39493518748981354, 0.040549317739759436, 0.37143449565666636, 0.8902610971038779, -0.2635746467695211
0.00023856321416400179, 0.0010607129942871764, 0.006584797661436407, -0.12837263219104, -0.23470121144554967, -0.9635537393681453, -0.919692706530729, 0.3917012708273626, 0.027118996781065146, 0.3710603628232559, 0.8896546834464598, -0.26613671554908247
0.00023676771017380527, 0.0010574303089167672, 0.006571320765666056, -0.12047081997482742, -0.24609012515020934, -0.9617309560569146, -0.9211624917138677, 0.3888537388617207, 0.01588816014394036, 0.3700627587235596, 0.8878245435201795, -0.27353452164049324
0.00023508263096591492, 0.0010539881363371799, 0.006557868604902357, -0.12339973317123813, -0.2591864002295527, -0.9579117473908091, -0.9214529977396579, 0.3882498939624523, 0.013652574656172548, 0.3683705726708705, 0.8843553752729673, -0.2867380187836003
0.0002333567921779653, 0.0010503632181033255, 0.006544471483153434, -0.1374152255044932, -0.2739007397786114, -0.9518904561703929, -0.920476486513505, 0.39025533514531685, 0.02058667448544819, 0.3658416236232595, 0.8790217051582663, -0.3057462154881913
0.00023143517742296992, 0.0010465329896768144, 0.0065311602453411695, -0.1577746538679354, -0.29294961775827644, -0.94302050881841, -0.9187244424183816, 0.3936470296319879, 0.031423159690693904, 0.3620118195582669, 0.8713337692969283, -0.3312474980779783
0.00022922862537554214, 0.0010424359527763324, 0.006517971664136983, -0.17719143396738657, -0.3205447905538728, -0.9305128870560339, -0.9174436386081015, 0.3960198578368048, 0.03828109424303778, 0.3562307759109377, 0.8604762108551814, -0.36425310547228085
0.00022674930182149986, 0.0010379507796979767, 0.0065049516074301645, -0.1943658329949824, -0.34971992359613885, -0.916470347585822, -0.9165326075321545, 0.3976820592662903, 0.04262580284326113, 0.3495567225708532, 0.8482599570754438, -0.39782551819596745
0.0002240262764355647, 0.0010330512754217073, 0.00649211204615811, -0.20781686013177908, -0.35961552411930187, -0.9096641289274676, -0.9147625938869841, 0.40081975550525245, 0.050526432902651956, 0.3464412640984401, 0.8426269627831224, -0.4122599327132888
0.00022111333387856214, 0.0010280105902544805, 0.006479361399497145, -0.2174854250163086, -0.34668424753208704, -0.9124199265790869, -0.9118300319560415, 0.4056737406153561, 0.06320450140764598, 0.34823279961617626, 0.8457179486615236, -0.4043452344015256
0.00021806885244810258, 0.001023157512151591, 0.006466588840034629, -0.22321704810604712, -0.3104979963889697, -0.923994125345642, -0.9077168307463378, 0.4117030866914127, 0.08093654050296144, 0.3552805998287087, 0.8567914347419672, -0.3737434049426886
0.0002149512104417967, 0.0010188208290683339, 0.006453683540357927, -0.22419352791572925, -0.2513295306799023, -0.9415788490874883, -0.9026320504940375, 0.4178090772917961, 0.10339708097188866, 0.3674134503003782, 0.8730802036129316, -0.3205281806605677
0.00021182142096706256, 0.0010153122152063516, 0.006440538898766783, -0.2136603510874677, -0.2117243383122741, -0.953688659332494, -0.9014105446655847, 0.4190414941855395, 0.10891857562621966, 0.3765744074401155, 0.8829365949585397, -0.28038310388492693
0.00020883188361053018, 0.0010123497665561923, 0.006427194879349682, -0.1917149730051316, -0.22860613097357935, -0.9544551356700494, -0.9069043860565197, 0.4130328738713106, 0.08323628807829714, 0.37519302189285036, 0.8815571915553164, -0.28650848912382054
0.00020614837312792636, 0.001009149875909995, 0.006413834992421721, -0.18935699241047507, -0.2314293298120049, -0.9542454583219275, -0.9075317213351712, 0.4122743735011288, 0.08010003573452962, 0.3748734509080104, 0.8811755252258304, -0.28809649346582045
0.00020349978400880598, 0.001005912809261531, 0.006400487694781913, -0.2151415786809594, -0.199827439581295, -0.9559200256888901, -0.9003163867103461, 0.4198036779064921, 0.11487069181043963, 0.3783444263412523, 0.8853439254925548, -0.2702251443702872
0.0002004946348283426, 0.0010031215716496589, 0.006387135174551282, -0.24673564068586015, -0.161176701925763, -0.9555854720388292, -0.8901752518363201, 0.42743710630382603, 0.15775151718052025, 0.3830268197313112, 0.8895614598839956, -0.2489394795036982
0.00019704412186462983, 0.0010008675709795595, 0.0063737716408111215, -0.2469666735208946, -0.16512471023685862, -0.9548514503519474, -0.8905134571358022, 0.42721193259971757, 0.15644726684878876, 0.38209062384474396, 0.8889453271791287, -0.2525528864541574
0.0001935888152821227, 0.000998557313931182, 0.006360412330201796, -0.21654499888356316, -0.206580859678364, -0.9541659247075772, -0.901092216701791, 0.41839705980085234, 0.1139153955769572, 0.37568747711092304, 0.8844592974040977, -0.27675019562320036
0.00019055937414580004, 0.0009956672700256978, 0.006347063652014401, -0.18268157368385823, -0.22494818802217265, -0.957092344208191, -0.90880627149793, 0.41003380464446604, 0.0770937087888159, 0.37509812519182223, 0.8838951248617255, -0.2793399447326768
0.0001880020550135285, 0.0009925182698643873, 0.006333665526993703, -0.15611877443809383, -0.19808006058902689, -0.9676730945236592, -0.9110709758707303, 0.40731227899126776, 0.06361119641144124, 0.3815450238096454, 0.8915497725758148, -0.2440540879110818
0.00018581878112182266, 0.0009897481800637976, 0.006320132911133863, -0.13717703424790292, -0.1401228413035907, -0.9805855651700969, -0.9103265653292455, 0.40809311916497054, 0.06903296709590352, 0.3904971264053151, 0.9021228272442805, -0.1835385486320994
0.00018390022568235537, 0.0009877884246218569, 0.0063064184597299905, -0.13113296953375947, -0.14618285575540219, -0.980527774713421, -0.9114007989189014, 0.4069408046220657, 0.06121899430351749, 0.3900675941824013, 0.9016816257508751, -0.18659452765826903
0.00018206771517180806, 0.0009857456002994455, 0.00629271612797136, -0.1332375648906468, -0.2077497160322468, -0.9690654295714668, -0.914620070925907, 0.4023813717425451, 0.03948870134705049, 0.3817301103679137, 0.8915880703346746, -0.24362437414058546
0.00018020709963562678, 0.0009828444488891499, 0.006279183471506821, -0.13298959394340637, -0.25316646164633516, -0.9582382326959421, -0.917173558292318, 0.397870608000151, 0.022173029991375975, 0.37564136070482984, 0.8818195518285273, -0.28511023506840116
0.0001783461158184662, 0.0009793017755550834, 0.00626577440850306, -0.12991939673843114, -0.2769645781706407, -0.9520564966376109, -0.9188195348521021, 0.3945353163438106, 0.010608795014327533, 0.3726816506420579, 0.8761463956418748, -0.30573825517665076
0.00017652451320883698, 0.0009754184493464015, 0.006252425604226505, -0.12424071130923368, -0.27972329274605745, -0.9520079438474655, -0.9196212273092267, 0.3927793066900266, 0.004605922098086569, 0.37264063645239665, 0.8760589567668409, -0.30603865823282406
0.0001747820412952497, 0.0009714953393122598, 0.006239073723943581, -0.11594214867591357, -0.2615084922119094, -0.958212255537084, -0.9196799785033833, 0.39264710833998184, 0.004121341076285707, 0.37516150562181727, 0.8817264637138347, -0.2860284739082228
0.000173158449566215, 0.000967833314501814, 0.006225655432920716, -0.10482593789464693, -0.2218267704055948, -0.9694350966805003, -0.9191361805972208, 0.39383085269318824, 0.00927043602585566, 0.3797370198725176, 0.8920146542509153, -0.24517269901022704
0.00017169348751024365, 0.0009647332439642199, 0.006212107396424337, -0.09163179558274583, -0.1663315802640066, -0.9818031469928992, -0.9182976848086969, 0.39544821438332467, 0.018710206199485803, 0.38514020319004494, 0.9033020066112544, -0.18897753501094386
0.00017041275618647782, 0.0009624084388720484, 0.0061983848011600085, -0.0861418578600653, -0.15489443710156098, -0.9841683258870948, -0.9183463154139846, 0.39536109432753636, 0.018156267724709525, 0.3862895614561371, 0.9053713704591744, -0.17630387478130422
0.00016920782449118303, 0.0009602418125497824, 0.006184618490114187, -0.0878603529263375, -0.1902033309140476, -0.977805323821087, -0.9194931902059365, 0.39305761878416995, 0.006162911700475796, 0.383161625882041, 0.8996268121976576, -0.209424848636716
0.00016797932474515992, 0.0009575823110119663, 0.006170946412186372, -0.08577847124712097, -0.21655920773545811, -0.9724937857978824, -0.9206121724825302, 0.39043598750053526, -0.005741736799792124, 0.38093999756851876, 0.8947970994641594, -0.2328580448320916
0.0001667794077773996, 0.0009545529603589582, 0.0061573426281872545, -0.07883026742178569, -0.22824015814459925, -0.9704082744640722, -0.9215323235055481, 0.3879557076155608, -0.01638736290485164, 0.3802156830966808, 0.8929707717157589, -0.2409133354314091
0.0001656763394184605, 0.0009513592061713504, 0.006143763749187813, -0.06766687251798234, -0.22632029366950543, -0.9716997062040227, -0.9222184139580791, 0.38581830081364743, -0.025640509236652814, 0.38070249712903137, 0.8943843488291926, -0.23482386005067965
0.00016472966444949148, 0.000948192933680632, 0.006130169448830967, -0.057135676532273326, -0.21829710956712917, -0.9742083383044082, -0.9226125861364124, 0.38439621532780566, -0.03202445228790583, 0.38147284355492533, 0.896987135691642, -0.2233663986230324
0.00016393052101529665, 0.0009451396627227613, 0.006116543423126098, -0.049534299185918555, -0.20771378761276096, -0.9769346629328498, -0.9227579044060552, 0.38380421358161276, -0.034816310734273756, 0.3821834678008792, 0.8997495807570909, -0.21068101211816354
0.00016323776920333815, 0.000942234724021652, 0.006102880703171756, -0.04487979184653096, -0.19459205315636416, -0.9798569983075095, -0.9227204013202666, 0.38396837912300674, -0.033990363649383945, 0.38284835806253426, 0.9026085622694048, -0.19678647831286544
0.0001626100787724401, 0.0009395131523594498, 0.006089176386904219, -0.04317128971320955, -0.17892773904060005, -0.9829145964662022, -0.9225338308446049, 0.3847850488594251, -0.029526210752952423, 0.38349389915835175, 0.9054972834724955, -0.18167855936311028
0.00016200611948142667, 0.0009370099825183011, 0.006075425572259762, -0.04785569932125083, -0.16973717419337406, -0.984326736271713, -0.9221845637218926, 0.3861379553625822, -0.021751088742110614, 0.3837778816913981, 0.9066900082857718, -0.17500790381925785
0.00016133654742128814, 0.0009346351082396114, 0.006061653384411653, -0.07792828944495024, -0.21851718787925375, -0.9727165159004585, -0.9215453715780437, 0.38804134374461513, -0.013343300489718789, 0.3803699644126355, 0.8953625825028744, -0.23161290125231393
0.00016024723738648132, 0.0009315805953376852, 0.00604805639839618, -0.08308385707313988, -0.223628547727885, -0.9711268430719887, -0.9213206599507326, 0.38865699622534045, -0.01067618063926674, 0.37982274055379656, 0.8938322056886364, -0.238324723501341
0.00015908570586730636, 0.0009284542165690082, 0.006034479820742208, -0.0562646581279808, -0.1729890695835058, -0.9833153461887872, -0.921607272918245, 0.38781442162295743, -0.015492220158730603, 0.3840238570062243, 0.9053589101488337, -0.1812482305132356
0.00015829880466422086, 0.0009260348415740287, 0.006020727457275103, -0.033004250659735695, -0.14404859710079682, -0.9890200812479398, -0.9219887033697708, 0.38637572798095193, -0.025507404527280064, 0.38580765971779024, 0.9110234895437559, -0.14556322063831942
0.00015783641571903945, 0.0009240167233760126, 0.006006871304113311, -0.014700564001142865, -0.13996635030488397, -0.9900471272623232, -0.9223207839696552, 0.3842829363096868, -0.04063245400915347, 0.386145393440928, 0.9125437225928059, -0.13474304984233962
0.00015763034730476564, 0.0009220547140369983, 0.0059929930990624426, -0.0012813385971731832, -0.16078137505575082, -0.9869892135208882, -0.9225409194775638, 0.38106700743901584, -0.060878466890717554, 0.38589714958896826, 0.9104599306266339, -0.1488156734435403
0.0001576124076944031, 0.0009198036656190249, 0.005979174579928105, 0.0072967490457452044, -0.20640550807730557, -0.9784393306121298, -0.92266012458927, 0.375862928311896, -0.0861704915485533, 0.3855451360687567, 0.903395719137608, -0.1876995543350275
0.00015771440516095534, 0.0009169184301841308, 0.0059654974845159085, 0.012456935761281145, -0.2620475542350562, -0.9649745613594508, -0.9226581153544232, 0.3689637176918651, -0.11210609795020819, 0.3854177304199474, 0.8917381086094857, -0.23718414519422193
0.0001578886504709923, 0.0009132529575344253, 0.005951999599093357, 0.022322637295798597, -0.2504880011329633, -0.9678623151836075, -0.9225667524136503, 0.3678367925183647, -0.11647609802329434, 0.38519123459015886, 0.8955176465923015, -0.22288081442038732
0.0001582005234549527, 0.0009097533513129724, 0.005938477446477638, 0.03652819846515582, -0.19421330263311534, -0.980278982635672, -0.9229347055768352, 0.3696076963797776, -0.10761821415836013, 0.38321954537665576, 0.9086645937072558, -0.16574509399718956
0.00015871051578089036, 0.000907041821642754, 0.0059247911772547235, 0.05047416694591384, -0.16430539094460767, -0.9851173011259399, -0.9228700496919424, 0.3693950122966371, -0.10889534550181224, 0.38178950987776994, 0.9146316544909797, -0.13298761878605572
0.00015941661897125878, 0.0009047432881995961, 0.005911009979638178, 0.06388894623904759, -0.16666310414408794, -0.9839418744344206, -0.9220978086013083, 0.36719808800680787, -0.12207045316869118, 0.38164621565152335, 0.9150895988269134, -0.13021978420220706
0.0001603121001152788, 0.0009024073024626195, 0.005897218839742538, 0.07320458879137579, -0.19384170157379293, -0.9782977475752779, -0.9208587633717138, 0.36353234485256625, -0.14093747609317067, 0.38296243432144067, 0.9111913240241983, -0.15188859378381503
0.00016133960029585413, 0.0008996865388239122, 0.005883487444909425, 0.044420896497554374, -0.17686829205360688, -0.9832316060930881, -0.922855167840842, 0.36964058204108263, -0.1081858553498613, 0.3825769506175261, 0.912186081550453, -0.14680405131271174
0.0001619606840357131, 0.0008972136031348008, 0.005869740105003904, -0.032499705362461176, -0.08629598010031078, -0.9957393097442121, -0.9246073704814627, 0.3809109878082888, -0.0028336933971313404, 0.3795325804232207, 0.9205758106671283, -0.09216939411676241
0.00016150704002619603, 0.0008960090490017308, 0.005855841173679195, -0.04890534061698891, -0.04922888925745957, -0.9975894867737998, -0.9235711142255171, 0.38251721673921435, 0.026400300496807656, 0.3802954964594942, 0.9226359495275273, -0.06417351488009038
0.00016082299444697287, 0.0008953204779041412, 0.005841887755306109, -0.0472294639752181, -0.07066028044126747, -0.9963817052217363, -0.924073488606897, 0.38184885379607275, 0.01672245521760011, 0.3792855987069543, 0.9215197109246156, -0.08332980853764367
0.00016016269666668662, 0.0008943326024890348, 0.005827957708828746, -0.08053551299346257, -0.09859052847729385, -0.991863871124182, -0.9226356908661076, 0.38391740425043475, 0.03675334887637459, 0.37717027068275155, 0.9180889577857781, -0.12188212545292998
0.00015903256923739906, 0.0008929491151756903, 0.005814039220882096, 0.040240911896237824, -0.13765833058502558, -0.9896619892823525, -0.9249642102687069, 0.36948538449691337, -0.08900427161184729, 0.37791782007699326, 0.9189835334018298, -0.11246060023199891
0.00015959002891126085, 0.0008910421263810486, 0.005800329376254287, 0.2097960797672177, -0.1617333837448788, -0.9642758513499853, -0.9025470849746838, 0.3472509562485503, -0.2546085874203151, 0.3760244198426587, 0.9237202422632619, -0.07312010472566882
0.0001625240482809805, 0.0008887802686706267, 0.005786843881059368, 0.24502264910656016, -0.15390280069538895, -0.9572240225584181, -0.8954099992754565, 0.34266329939727225, -0.2842935040476696, 0.3717591083246388, 0.9267663088310294, -0.05384583728923494
0.0001659804167841222, 0.0008866092661334796, 0.005773340970311788, 0.15676446438083086, -0.11912877135152115, -0.9804250295375309, -0.9150639298724509, 0.3559804116161963, -0.18956779998710194, 0.371595084673866, 0.9268690751027573, -0.05320536311671887
0.00016817813647781755, 0.0008849391705035865, 0.0057595961499909525, 0.11284868669853489, -0.10461153197471686, -0.9880898751066719, -0.9213558271765303, 0.3612728880987656, -0.1434759215082041, 0.37197931883139346, 0.9265734335187252, -0.05561527361303686
0.00016975534139351654, 0.0008834770903740224, 0.0057457863285941485, 0.21490642263467338, -0.13910898766148924, -0.9666767396923145, -0.9032472827674142, 0.348127087966039, -0.2509021259327405, 0.37142909913420913, 0.9270686167571857, -0.05083506801675822
0.00017275363427572219, 0.0008815362945502266, 0.005732299621438168, 0.2575997837531653, -0.15707839008669255, -0.9533985162449621, -0.8918783644628056, 0.34095926018110884, -0.297152765257034, 0.371746330733033, 0.9268619974216895, -0.052263785951677064
0.00017636505334251953, 0.0008793341347320938, 0.005718933455016528, 0.21305454581518168, -0.14834350484409448, -0.9657131898643908, -0.902727849327475, 0.3482119349927512, -0.2526477357452382, 0.37375150910207483, 0.9256039395438926, -0.05972567743230306
0.0001793484703505873, 0.0008772568707446257, 0.005705410508840781, 0.19088594153441932, -0.14074568129046142, -0.9714696137927331, -0.9075944081291256, 0.35170788154058225, -0.22929011403673258, 0.3739451131613573, 0.9254686484480821, -0.06060390319459682
0.00018201955624824254, 0.000875287402477718, 0.005691816638257418, 0.21104593467971783, -0.13956869128008406, -0.9674606937077749, -0.9037860204702286, 0.3491453845273756, -0.2475244021623295, 0.3723310927894042, 0.9266164691379037, -0.05245451805757559
0.00018496778996860775, 0.0008733376794348949, 0.00567830156986889, 0.2670246366798687, -0.14355191266639517, -0.9529379265071801, -0.8903214016551596, 0.3416951692372579, -0.3009521773882253, 0.36881654675566855, 0.9287826762433402, -0.03656631167457895
0.0001886973897613505, 0.0008713326540170707, 0.0056649916478430104, 0.2937847010291764, -0.14274173883856947, -0.9451536094384547, -0.8830110503393443, 0.33811279681619394, -0.3255322128572517, 0.366035564419368, 0.9302174652319063, -0.02671016581232541
0.00019280857274857425, 0.0008693351456164492, 0.0056517652973018685, 0.26453253782128044, -0.13576154303311633, -0.9547729258138293, -0.8917341178152326, 0.34253310815677523, -0.295772434382834, 0.3671958599414239, 0.929645025399333, -0.03045204742134784
0.00019651074967107695, 0.0008674351402117449, 0.005638403091195615, 0.23197529954517834, -0.1418145320269022, -0.9623284776555849, -0.8988894853534765, 0.3468210349058697, -0.26779257433279197, 0.3717326371491844, 0.927148212667647, -0.047021678248448356
0.00019975725534310889, 0.0008654504388943867, 0.005624935257046064, 0.21260141341840322, -0.1669455170515968, -0.9627719529301174, -0.9007991802486801, 0.34830666630292606, -0.2593131370992377, 0.37863105508635064, 0.9223945254311288, -0.07633389534721623
0.00020273092562909695, 0.0008631153607053332, 0.005611468900907704, 0.20541522512639598, -0.2080061877376591, -0.9563148075550842, -0.8988877445504652, 0.34634566035966924, -0.26841293979054454, 0.3870470358796847, 0.9147557648973142, -0.1158295411537133
0.00020560291369404644, 0.0008602071474107704, 0.005598098301372335, 0.19470856873985723, -0.2255646555561117, -0.9545727627704077, -0.8994907646823265, 0.34704095677979374, -0.26547869701459836, 0.3911584557573566, 0.9103203614559097, -0.1353214765227682
0.00020832686381594306, 0.0008570515242403359, 0.005584743939978093, 0.14779859369271212, -0.25804576870285467, -0.9547606804623919, -0.9045024387180276, 0.35520374700265284, -0.23602041536362067, 0.4000386407031167, 0.8984668493438299, -0.18090441281122616
0.0002103930551353406, 0.000853444102045172, 0.005571396598973111, 0.1570395875224024, -0.2731865613060119, -0.9490561999547711, -0.9022364528293321, 0.35112323174205673, -0.25036345443566344, 0.40163161122692814, 0.8955900729981383, -0.1913386265510735
0.0002125910428017469, 0.0008496204757745483, 0.005558113236127233, 0.20905991384471864, -0.2678524317783839, -0.9405046662370393, -0.8933640671508368, 0.3388575903702558, -0.2950867278821249, 0.3977368425818182, 0.9019038797116188, -0.1684481992013445
0.0002155199332991237, 0.0008458679130392662, 0.005544936940734104, 0.26229398959470573, -0.26548766696217047, -0.9277489755927926, -0.8812382447802071, 0.3258612304909403, -0.34239394620762537, 0.39321879273401006, 0.9073757530119009, -0.14848644344482656
0.00021919830777679487, 0.0008421447508737927, 0.005531926317963909, 0.3165490395064267, -0.26604220589486427, -0.9105043933283098, -0.8654351734371342, 0.3119758682794151, -0.39203701124912005, 0.38835378994596714, 0.9120814669172375, -0.1314866211471873
0.00022364364108992232, 0.0008384086906336278, 0.005519140003661006, 0.37160860208493995, -0.2693932058161917, -0.8884449040410732, -0.8455169497133913, 0.2970165187375104, -0.4437141820411116, 0.38341639845452535, 0.916083232166775, -0.11740262833103661
0.00022887340809366817, 0.0008346174336742724, 0.0055066366336697535, 0.42652298020941454, -0.2753761830407103, -0.8615370596597737, -0.8213497225843513, 0.2809620185075413, -0.4964322485161264, 0.3787648090357504, 0.9193629870568519, -0.10634339408733581
0.0002348962214337418, 0.0008307289225606583, 0.005494471106519636, 0.4620852753577189, -0.2839994915534381, -0.8401318272122356, -0.8025397415959307, 0.26920119568302525, -0.532410254786632, 0.37736873407413857, 0.9202581187037788, -0.10352696993085406
0.00024143719077654254, 0.0008267088161718884, 0.0054825787636583485, 0.45722540860913063, -0.29619012948254475, -0.8385799502249782, -0.8024447779558793, 0.2691396729299325, -0.5325844672786735, 0.3834413958528121, 0.9164252526269027, -0.1146187257570276
0.00024788500343025303, 0.0008225319300478403, 0.005470753072626311, 0.409754280915712, -0.31200245405288785, -0.8571790349374064, -0.82115457377298, 0.2830584761253445, -0.49556338148143425, 0.39724878255693064, 0.906935702108244, -0.14021781983208514
0.0002536088033426001, 0.000818173611654756, 0.005458779259261687, 0.3152054493428466, -0.32930818116516325, -0.8900571029559093, -0.8526045573663595, 0.3136235719227078, -0.41797813805575557, 0.4167865082541519, 0.8906157291178582, -0.18191379712703926
0.0002579777344613109, 0.0008136092084588784, 0.005446442549402639, 0.1876894386226389, -0.34732129566415737, -0.9187712404117195, -0.8800487547134076, 0.3559555821825695, -0.31434028192461855, 0.43621882577085014, 0.8675618370417403, -0.23885057034024787
0.00026059573848702383, 0.0008087645642586643, 0.005433626981175898, 0.18367019650549704, -0.40303964355610045, -0.8965624934369069, -0.876010777392134, 0.3466678651704364, -0.3353006250381905, 0.4459488499911859, 0.8469831385454752, -0.2893945165534329
0.0002631627178799827, 0.0008031316718284379, 0.005421096600695342, 0.2724083895953212, -0.4741393627425311, -0.8372487885785146, -0.8490738550879309, 0.2908766613656066, -0.44098112939094997, 0.4526226440250236, 0.831013015885374, -0.32334209367926725
0.0002669717022218928, 0.0007965019589504593, 0.005409389664904134, 0.33165845101600494, -0.5155383008549413, -0.7900778013722852, -0.8243508369093792, 0.24887089800819556, -0.5084377777185727, 0.45874651993935667, 0.8199289825809272, -0.3424442932322499
0.00027163591322202106, 0.0007892517911755425, 0.0053982785668427735, 0.3582621335840973, -0.5308873445287722, -0.7679888482647121, -0.8116569609169243, 0.22939477557165905, -0.5372066778582809, 0.4613688561605269, 0.8158043051857577, -0.34871494692013166
0.0002766726113498391, 0.0007817882078280083, 0.005387481645729334, 0.34292867969533497, -0.5190158306262137, -0.7829575264353718, -0.8198372052545565, 0.24150621384621562, -0.5191740609410915, 0.45854866429073005, 0.8199373855563896, -0.34268908101096535
0.00028146522221905317, 0.0007745346852781788, 0.005376539397461674, 0.2813820655370068, -0.4775910145146224, -0.8323046053272931, -0.8472040091604737, 0.28367131535034973, -0.44919478148106584, 0.4506323335675633, 0.8315271539175954, -0.32479700158892505
0.0002853882527882835, 0.0007678761082791264, 0.005364935401295896, 0.2542807769288108, -0.4575262452329605, -0.8520628036755913, -0.8573504238964919, 0.3010531476339668, -0.4175131769707237, 0.4475394252230592, 0.8366819809358331, -0.3157082920170199
0.0002889536855093056, 0.0007614608414029492, 0.005352988086059238, 0.2917683957962662, -0.4817016424547876, -0.8263381455982977, -0.8437778498318896, 0.27724069202096224, -0.4595394855948847, 0.45045548431287485, 0.8313249222440634, -0.32555910417058753
0.00029305635144208115, 0.0007546874521437464, 0.005341368632383843, 0.3361799566140618, -0.5132310026864763, -0.7896689019154812, -0.8242171369169567, 0.245361853201139, -0.5103564168364275, 0.4556853607297279, 0.8224302395189134, -0.3405280504473617
0.000297780501103388, 0.0007474753027582405, 0.005330271855190159, 0.38195718450501986, -0.548206513583473, -0.7440284454707708, -0.7995702825219818, 0.20770774324712415, -0.5635111859607626, 0.4634609719412375, 0.8101401803761126, -0.35899417213576507
0.000303132507594106, 0.0007397938009094015, 0.005319846484936688, 0.4285478740893138, -0.5857539063887627, -0.6879237463293691, -0.768978079153241, 0.16328029928263307, -0.6180714017392858, 0.47436213318025455, 0.7938714663070329, -0.3804584886530988
0.0003091175412860447, 0.0007316132519511985, 0.005310239047709248, 0.46785167796746213, -0.618904571264649, -0.6309294248097412, -0.7376791160529217, 0.11972373683664439, -0.664451464425544, 0.4867692771348765, 0.7762881929448566, -0.4005400258800599
0.0003156499645890191, 0.0007229717383389982, 0.005301429635942115, 0.4886899494851283, -0.639331952456725, -0.5936638677232215, -0.7175220178011028, 0.0925857435924716, -0.6903550058151698, 0.49633082439322346, 0.7633364491829937, -0.41348903021222005
0.00032249147047707093, 0.0007140212916973992, 0.005293118528151109, 0.4919725909124715, -0.6487996729995952, -0.5805359197383814, -0.7115270506367859, 0.08461521988381238, -0.6975453539205395, 0.5016893720251474, 0.7562402058074091, -0.4200101488266455
0.0003293891201798082, 0.0007049248644690013, 0.005284979185658909, 0.47943988407158716, -0.6487944429992178, -0.5909341488649625, -0.719374156866734, 0.0951193378378783, -0.6880793079300954, 0.502631296273619, 0.7549954187295564, -0.42112195110642614
0.00033610431095157535, 0.0006958376387267398, 0.005276702369993344, 0.46432818660292163, -0.6456536448558974, -0.6062431080105877, -0.7296235623174306, 0.10915798938593668, -0.6750807289979786, 0.5020446119990382, 0.7557882668032856, -0.4203989811182001
0.0003425997187098044, 0.0006868057000787588, 0.005268221738619328, 0.45682314783713607, -0.644529365478939, -0.6131023639128187, -0.7343348846737494, 0.11575701947805964, -0.6688442192265306, 0.5020606425038328, 0.7557659753368582, -0.42041991124560973
0.0003489864643223938, 0.0006777946744408347, 0.005259650087092194, 0.4573541590195797, -0.6457782751746028, -0.6113898858666275, -0.7335676145508465, 0.11467234407921166, -0.669872232881435, 0.502698446496181, 0.754864671855753, -0.4212761553594419
0.0003553791299018909, 0.0006687683116751712, 0.005251104387874304, 0.4648100286731511, -0.6497047336604004, -0.6015275524064818, -0.7278024370756403, 0.10654240780278444, -0.6774602039428913, 0.5042372951613389, 0.7526835154291964, -0.4233347089119004
0.0003618765292241834, 0.0006596863409005179, 0.005242695867252443, 0.47426725944144366, -0.6575949986761754, -0.585354067499307, -0.7190683454103047, 0.09427463146337921, -0.6885150749920663, 0.5079481088170218, 0.7474497384965259, -0.42814437654918003
0.00036850842839559496, 0.0006504908848785671, 0.005234510589694378, 0.48421631985317426, -0.6695762026702075, -0.5632071238945701, -0.7078697487366477, 0.07853985808204088, -0.7019628975351676, 0.5142518589284475, 0.7385791761958891, -0.4359424573019221
0.0003752856992132033, 0.0006411192485407052, 0.005226627734349483, 0.49486741439388915, -0.6853355007819071, -0.5342485316209297, -0.69376045300304, 0.058617879542721005, -0.717816395777452, 0.523261575142035, 0.7258644471014735, -0.44645058899496237
0.0003822234328832783, 0.0006315112706444521, 0.005219137901884854, 0.5106632933218764, -0.7051078833141246, -0.49198157866116293, -0.6726855525702794, 0.02870665903485207, -0.7393714053777538, 0.5354597540589517, 0.7085187369543107, -0.4596564490658162
0.00038937844977351066, 0.0006216318473913526, 0.005212244638650472, 0.5332308125229417, -0.7277477263059209, -0.43133298903826717, -0.64151490662755, -0.015476192807859564, -0.7669544393448805, 0.5514739569107224, 0.6856702810482138, -0.4751133975552513
0.0003968313777033111, 0.0006114601708343066, 0.005206215929120658, 0.5579316703277813, -0.7494395805361054, -0.3564443383911692, -0.6024207086684594, -0.07033252111191393, -0.7950739753264683, 0.570790277608723, 0.6583264020225139, -0.4907186641930877
0.0004046267200205572, 0.0006009891071054094, 0.005201235739282768, 0.5711472234835464, -0.7647494042140811, -0.2982435210716969, -0.5728693664442109, -0.11114259792644746, -0.8120763584269453, 0.5878873515367076, 0.6346697343346128, -0.5015802928971471
0.0004126248500751115, 0.0005902798452153824, 0.005197059249629346, 0.5719064371406769, -0.7757959523504881, -0.2665776950040197, -0.5587897316742271, -0.13051772376721008, -0.8189744559863096, 0.6005639540735878, 0.6173376418939845, -0.5081507384312969
0.00042063722724981203, 0.0005794109873443017, 0.005193324511042711, 0.5672465363029733, -0.7856510369648708, -0.2469490132968805, -0.5519186831399067, -0.14010145675101576, -0.8220446149798408, 0.6112422876841811, 0.6025977347553395, -0.5130875518021681
0.00042857589454966703, 0.0005684157290269924, 0.005189868436953006, 0.5608251423465328, -0.7952913529806515, -0.23018866954347728, -0.5469584308034321, -0.1471718688828295, -0.8241219060203305, 0.6215397289675364, 0.588091918736978, -0.5175289947734536
0.0004364150718865048, 0.0005572991982588038, 0.0051866508747126045, 0.5528618071417725, -0.8047271789521434, -0.21623595829477196, -0.5437860276947224, -0.1518051313552018, -0.8253798871902711, 0.6313799001298095, 0.5739071088163614, -0.5215266552747971
0.0004441319944802512, 0.0005460667035036269, 0.005183632622898879, 0.546347235421771, -0.811737133609434, -0.20636744962936324, -0.5418561221686351, -0.15467850337785669, -0.8261153088166056, 0.6386678645550887, 0.5631672811095529, -0.5243529081375602
0.00045175653140799323, 0.0005347385236400522, 0.005180752666456584, 0.5445200055732498, -0.8140636740123873, -0.2019858861008897, -0.5406216093505003, -0.15652659928724671, -0.8265758883604366, 0.6412692406733564, 0.5592850421466886, -0.5253322782746113
0.0004593737819505876, 0.0005233506464287289, 0.005177927100665151, 0.5475974821708373, -0.8117725661150499, -0.2028849388770556, -0.5399215456263506, -0.15756517554630325, -0.8268361022739121, 0.6392352634895953, 0.5623153175559507, -0.5245757920008682
0.00046707113265052045, 0.000511939896136012, 0.0051750752312225085, 0.5570011845482147, -0.8092169816077225, -0.18686240148722416, -0.5295829380983489, -0.17275044422732544, -0.8304813036392704, 0.6397590109463142, 0.5615382094719367, -0.5247697087447458
0.00047491089893953587, 0.0005005502039972911, 0.005172445151437216, 0.5736536026062483, -0.8109785032671644, -0.11504525829177926, -0.49162747924449024, -0.22855605925702782, -0.8402764720189458, 0.6551518647371621, 0.5385870356919555, -0.5298113240729869
0.0004829130467700268, 0.000489237506158368, 0.005170840334244637, 0.590620525185474, -0.8068444544391934, 0.013016204145419458, -0.42550495448689984, -0.32509949748275796, -0.8445447592896185, 0.685647816985321, 0.4932670099217853, -0.5353267488049567
0.0004910963906072431, 0.0004780582712481799, 0.005171020680286529, 0.6027741839305383, -0.7878582263032817, 0.1262643989140271, -0.3630999805471747, -0.41175339779803477, -0.8358334424563394, 0.7105080487323948, 0.4579722203889886, -0.5342656249829898
0.000499508824627754, 0.000467062768250565, 0.005172782850852755, 0.6181051415684089, -0.7642884580926962, 0.18387274619417102, -0.32455155394811336, -0.4611549631435713, -0.8258343591773815, 0.715969498509931, 0.45077627798536646, -0.5330932605174237
0.0005082148713258046, 0.00045629772107743825, 0.005175372709126387, 0.6422042061226984, -0.7430603519481478, 0.188242054283865, -0.31099454103689994, -0.4770294837284366, -0.8220251012584892, 0.7006112710223572, 0.469365726290785, -0.5374380540117729
0.0005172792485460276, 0.0004458098119930141, 0.00517802964748411, 0.6756511795489301, -0.7238400425370939, 0.13982516366533404, -0.32472902296734657, -0.46248126037359844, -0.8250225120843191, 0.661850848165062, 0.5120221446608983, -0.5475278788884108
0.0005267666741330564, 0.00043564572326150745, 0.005179993058302626, 0.7132972237547041, -0.6990272984131248, 0.05067451684110874, -0.36073619031704857, -0.42816633771136126, -0.8285788968145295, 0.600896390053538, 0.5727428946081206, -0.5575743045519024
0.0005367422060941361, 0.00042586975761245937, 0.005180701746414013, 0.749484487024379, -0.6573587324433815, 0.07843787726751915, -0.32080585604496004, -0.4642723683018076, -0.8255511920884683, 0.5790998242419557, 0.5935744813516343, -0.5588494686864027
0.0005472181957909484, 0.000416681464288968, 0.005181798119198668, 0.7570794122450962, -0.6345054862182596, 0.15567129315821066, -0.26343522330334634, -0.5145265955294583, -0.8160050646999573, 0.5978567108243712, 0.5767713328970114, -0.5566885869770183
0.0005578227477832172, 0.0004077938280527273, 0.005183978635925578, 0.7317399644028916, -0.6504955404364039, 0.20349981908592904, -0.24585303826135038, -0.5303746357708519, -0.8113316395337972, 0.6356987557588248, 0.5436527362234896, -0.5480226220909087
0.0005680632716925609, 0.00039869030021658374, 0.005186826566699179, 0.705715791287423, -0.6717581158001986, 0.2251804960118287, -0.2459130486597736, -0.5303175157200062, -0.8113507903609984, 0.6644486394194982, 0.5172082427582994, -0.5394475314582967
0.000577932322939497, 0.00038929612857946735, 0.00518997559337874, 0.7012512812413902, -0.6768540876543688, 0.2238642101428467, -0.24932992876933888, -0.5270286094627845, -0.8124502639716478, 0.6678931255651499, 0.5139157409861036, -0.5383394690987456
0.0005877402099908941, 0.0003798294671706801, 0.005193106617801318, 0.7084907686654376, -0.6698272751163952, 0.22219867737230659, -0.24638814233473333, -0.5298164425997102, -0.8115339921825994, 0.6613121154437567, 0.5202172225725836, -0.5404075566701213
0.0005976470424541097, 0.00037046326666764453, 0.005196213623802853, 0.7099918546606062, -0.6599102178499587, 0.24582528489317879, -0.22885223557512, -0.5463488171309578, -0.805685809910956, 0.6659866519592283, 0.5157726964437175, -0.5389251386002646
0.000607581204420889, 0.0003612298438549449, 0.005199653195932629, 0.7418965745832732, -0.6291766427826884, 0.2317891817974071, -0.21938573567039438, -0.5544375381724784, -0.8027882131979776, 0.6336082161761839, 0.544734585318343, -0.5493676910340534
0.0006179430994110489, 0.0003524422816446226, 0.0052028905409264225, 0.8075051461221338, -0.5679855427447889, 0.15914729724120058, -0.22746877687530498, -0.5487874734243612, -0.804419209466904, 0.5442365244387077, 0.6133716102375572, -0.5723476856085488
0.0006292445282793292, 0.00034449304659594474, 0.005205117885071519, 0.7954401844451867, -0.5713773586583416, 0.20199709647028144, -0.20380511712794694, -0.566103240110388, -0.798743135037156, 0.5707349535487302, 0.594184344752651, -0.566750895234045
0.0006403509111215363, 0.0003365151548364847, 0.005207938282042007, 0.7647336684342155, -0.5858887338123934, 0.268173093271599, -0.17457982385650386, -0.5890263983224189, -0.7890309164928528, 0.620245355859582, 0.556580895891181, -0.5527326703421745
0.0006510336153479311, 0.00032833076815228163, 0.0052116844409403895, 0.756963726219552, -0.5807246550575668, 0.29960773053457945, -0.15458345341302, -0.6046208973540931, -0.7813690078404928, 0.6349093424408842, 0.5451535980721409, -0.547446510072247
0.0006616354956247849, 0.00032019725652750956, 0.005215880685990349, 0.775042055539541, -0.5577854117246632, 0.29696000843916837, -0.1432867380277823, -0.6128272241363939, -0.7771175612882776, 0.6154500165329438, 0.5597483611627907, -0.5548901236507722
0.0006725039184597154, 0.00031237542587657895, 0.00522004495928844, 0.8181135470014471, -0.5153242484798303, 0.2552080389435431, -0.14349393675339672, -0.6126967335934873, -0.7771822197907536, 0.5568659751930649, 0.5992024963003486, -0.5752014030752252
0.0006839833694439096, 0.0003051445965215671, 0.00522362593919589, 0.8878949977687352, -0.44301151247772286, 0.12402932213576785, -0.18599616648839523, -0.592267970204079, -0.7839796410124191, 0.420770601383793, 0.6730226231580486, -0.6082702111139263
0.0006963594982480079, 0.00029896957858149446, 0.005225354750451832, 0.92261666138401, -0.3827764198887803, 0.04754690856145339, -0.20247605478511996, -0.5855371743829434, -0.784952014236725, 0.3283016042837381, 0.7145826962589892, -0.6177294123092709
0.000709282675850555, 0.00029360799357730716, 0.005226020744433417, 0.907063179050744, -0.3896966958465013, 0.15928865137440762, -0.12986942478183305, -0.6189210686888522, -0.7746422679146064, 0.4004626346080166, 0.6819627526334328, -0.6120101978753602
0.0007219728168849702, 0.0002881559962466327, 0.005228249250118367, 0.9231139782945674, -0.36928977575411637, 0.10717109965215171, -0.15360495428713508, -0.6096466539173906, -0.777648040816523, 0.3525139729083432, 0.7013957648081458, -0.6194980871750713
0.0007348554198318163, 0.0002830023384478858, 0.005229744886363358, 0.9459080555280824, -0.32011285616699053, 0.05277982383159211, -0.16194984417743788, -0.606848297946536, -0.7781435543974492, 0.2811231019642211, 0.7275045722165627, -0.625864920686573
0.0007480859792804084, 0.00027852487137376144, 0.005230483125764967, 0.9408519608868701, -0.28741820585000566, 0.17941115528666315, -0.051702539514311786, -0.6451102314098679, -0.7623382692335979, 0.33484986949841034, 0.7079714431220164, -0.6218134773552493
0.0007612482152439239, 0.0002745039771174089, 0.005232993033867985, 0.9307983860559994, -0.2813317264334734, 0.23338128506268005, -0.01024550394222372, -0.6582971929596207, -0.7526884052451279, 0.365389373360141, 0.6982100439290782, -0.6156243500642565
0.0007742937557238932, 0.0002705609917400506, 0.00523626397314674, 0.9288431718719468, -0.2767800286657973, 0.24625835579452254, 0.001521908991002606, -0.6618567678880584, -0.7496287765246182, 0.3704700336867806, 0.6966623533194063, -0.6143399055959026
0.0007872800795572995, 0.0002666912802626764, 0.005239706955613398, 0.9318185164138825, -0.2543325441870736, 0.25889999890992904, 0.024199313228468723, -0.6682422283263438, -0.743550077345644, 0.36211689508707195, 0.6991189321201171, -0.6165258089031842
0.0008002969896440267, 0.00026313841690839073, 0.005243323623395697, 0.9372059861193739, -0.2235829671683906, 0.26768562974913357, 0.04947531266231784, -0.6745128684231033, -0.7366034100984079, 0.34524937801388983, 0.7035929555672199, -0.6210956607940572
0.0008134001833975872, 0.00026001247556551265, 0.005247066169563344, 0.942851229475482, -0.19965764902961164, 0.26677402845955656, 0.06380189045664439, -0.6776232495298451, -0.7326363698798823, 0.32704873925873845, 0.7077877894401554, -0.6261593784881674
0.0008265937367366712, 0.0002572186160894066, 0.005250799205342405, 0.949053180460914, -0.18389174855750906, 0.2558942857304273, 0.06600078586657772, -0.6780511002720144, -0.7320454915405905, 0.3081265274558779, 0.7116393259456454, -0.6313695533090028
0.000839877255990577, 0.00025464475654929977, 0.005254380855708735, 0.9528822076617305, -0.18226434478688355, 0.24247722973738123, 0.057454647537215395, -0.6764432004177641, -0.7342503388388372, 0.2978497302299955, 0.7135855276194865, -0.6340987564835135
0.000853209147427734, 0.0002520946738234127, 0.00525777338426772, 0.9478906422539228, -0.2072743223728039, 0.241951824982455, 0.04133054831231696, -0.6730135007692739, -0.738474517880265, 0.3159036500321717, 0.709993086633371, -0.6293764380950162
0.0008664619123651982, 0.00024919670463843677, 0.005261156190806519, 0.9349198681676747, -0.2484803994519974, 0.25334232017867353, 0.023772678427226395, -0.6684638516361366, -0.7433646069165365, 0.3540617175941695, 0.7010089658085387, -0.6190530914148719
0.0008795421085654769, 0.0002457202865116879, 0.005264700630674147, 0.9386788017772405, -0.22638932140487242, 0.260057651777227, 0.04224435078003966, -0.6730470663456709, -0.7383922137391884, 0.342195151808463, 0.7040990850990559, -0.6222113438707586
0.0008926642334088532, 0.00024255550966463714, 0.00526833606908677, 0.9535566809592477, -0.1709824236014829, 0.2479811827888285, 0.06872797744796284, -0.6780521478448593, -0.7317935159038276, 0.2932680025401606, 0.7148498413109821, -0.6348098794629525
0.0009060002443327318, 0.00024016422709646637, 0.00527180422135147, 0.945100069170875, -0.24155031164039897, 0.22008931414231203, 0.00477588682257444, -0.6632250216134562, -0.7484048113226481, 0.3267461555370853, 0.7083685606040522, -0.6256603968523805
0.0009192262335929616, 0.00023678390586724058, 0.005274884211502874, 0.9352377736324472, -0.22860026776433995, 0.2703187458336834, 0.048061292774450995, -0.6745138268462523, -0.7366961446417869, 0.35074266764662665, 0.7019779305443271, -0.6198439853066511
0.000932291310256217, 0.00023359040779884926, 0.005278660508009927, 0.9223838098809435, -0.20036247026252743, 0.3302468588492758, 0.10714008227535632, -0.6887033127174191, -0.7170835026843685, 0.37111872768636395, 0.6968088888370689, -0.6137819339130991
0.0009451929369321099, 0.0002307878848539588, 0.005283279758302611, 0.9158013487568628, -0.2309101929559347, 0.3286158432032212, 0.08746815272572969, -0.6838962551175352, -0.7243170814601569, 0.3919913415802184, 0.69207398089024, -0.6061158248230089
0.0009580008330235906, 0.00022755850136172226, 0.005287875599507119, 0.917795015934188, -0.2087531906693301, 0.3377490401344436, 0.10731207700220394, -0.6885646381016239, -0.7171909489706718, 0.3822779445061365, 0.694478829440721, -0.6095594545266354
0.0009708383020253971, 0.0002246386090462056, 0.0052925997947335475, 0.9028593106019027, -0.26120354204486446, 0.34149344778878793, 0.0786164029519004, -0.6805960551056752, -0.7284287686256612, 0.4226872679018867, 0.6845156823607546, -0.5939476021972219
0.0009834603218356374, 0.00022098697003281682, 0.005297373890777574, 0.903639622498492, -0.2643428993474096, 0.33698407115973333, 0.07366308977359287, -0.6791569398868541, -0.730287340851895, 0.42191134359695825, 0.684739864888944, -0.5942408060509478
0.0009960966460339582, 0.0002172904493264292, 0.00530208621178124, 0.9154276133627793, -0.23195771396551598, 0.3289192965224414, 0.08762133958574665, -0.6827704649022803, -0.7253599059131427, 0.3928292065798127, 0.6928348368760161, -0.6047024915351837
0.0010089002045429794, 0.00021404619044781994, 0.005306686616440546, 0.9131304741153771, -0.24912365342227585, 0.32269202430082533, 0.07298764436424154, -0.6788627781477299, -0.730628587050702, 0.4010804670037993, 0.6907117588047015, -0.601707341850613
0.0010216752297519279, 0.00021056086053842434, 0.005311201194435726, 0.9070750245089398, -0.24440566151426873, 0.34275468272786447, 0.08960502480560215, -0.6834506722917606, -0.7244764441122485, 0.41132206291626733, 0.6878670301473341, -0.5980410599570845
0.0010343576845584454, 0.000207143652840208, 0.00531599348907064, 0.9001451807135256, -0.21831594450211705, 0.3769307655450307, 0.1286220148714414, -0.6935322898885667, -0.7088507178329805, 0.4161670709326064, 0.6865501520341173, -0.596199511751985
0.0010469451641840362, 0.00020409075919344791, 0.0053212644258408565, 0.8905728415092478, -0.28524399486724905, 0.3542822001714413, 0.07422264274620717, -0.6773352581078355, -0.7319207248245954, 0.448743816971235, 0.6781244808412131, -0.5820448223409619
0.00105940078396678, 0.00020010131489447703, 0.005326219443752307, 0.8894150946683324, -0.32022707022904057, 0.3261830971534954, 0.03496628300827754, -0.6638370689962811, -0.7470593717228985, 0.4557610650644771, 0.6758512923113722, -0.5792295592011355
0.0010718472242394429, 0.00019562006971751963, 0.005330784037338597, 0.8925446039302323, -0.31879142617902867, 0.31896105810861236, 0.030904020792857662, -0.6623928923888208, -0.7485189360407704, 0.4498989569824088, 0.6779437164746887, -0.5813632649201596
0.0010843277742771593, 0.00019116237390209197, 0.0053352441051360815, 0.8929965313548316, -0.29635934402256947, 0.33871571294929853, 0.05739015420094008, -0.6714693502493625, -0.7388066606876871, 0.4463894770142231, 0.6791907323323922, -0.5826116922314186
0.0010968143029286153, 0.00018701846145637369, 0.005339980275217306, 0.8865262351742, -0.2862361869745023, 0.3635107695985867, 0.08001146095529142, -0.6789853617383232, -0.7297787641887631, 0.4557075821880287, 0.6760530480749097, -0.5790361609821661
0.001109217681708549, 0.00018301373412095418, 0.005345066150386054, 0.8711164308322675, -0.31634743276475813, 0.37560679668663877, 0.07096899587671282, -0.6757366226934796, -0.73371889601881, 0.48592135738028885, 0.6658110231394169, -0.5661944152919037
0.001121399163717004, 0.00017859000794124806, 0.005350318545214287, 0.8652917072465753, -0.336847756987565, 0.3712194094908742, 0.056562336058952174, -0.6702182278756555, -0.7400055602242256, 0.49806722790187785, 0.6613177115696073, -0.5608813785948654
0.0011334990569371337, 0.00017387966360666606, 0.0053555095289928925, 0.8882686704100601, -0.28531335535354857, 0.3599653572565609, 0.07871496145664891, -0.6775361090396188, -0.7312651884168507, 0.4525292521051233, 0.6778946158543772, -0.579375668961706
0.0011459287705383057, 0.00016988721919004951, 0.0053605465931673806, 0.8586756946050716, -0.3389654721042374, 0.38441964077769136, 0.06486501082370028, -0.6721529992654086, -0.7375655062090125, 0.5083980545451949, 0.6582649575206531, -0.555174444508205
0.0011579243599502756, 0.0001651519149841152, 0.005365916886284606, 0.8482632425647453, -0.35424035737942167, 0.3936537063425718, 0.06250629360944299, -0.6711704776479287, -0.7386630850347549, 0.5258730213395191, 0.6511865778235536, -0.5471869938966887
0.0011697882674983786, 0.00016019746848817894, 0.005371422572425026, 0.8639565724118531, -0.32722583350844414, 0.3827561820154789, 0.07037192125653575, -0.6741764209645065, -0.7352101373853279, 0.4986249429030064, 0.6621249181991211, -0.559431639268625
0.0011818700381070228, 0.00015562146596222472, 0.0053767751243215195, 0.8493701740905278, -0.3597590592600285, 0.3861913083508817, 0.05476879823883452, -0.6676764481072409, -0.7424341986885927, 0.5249482699322862, 0.6517526984395525, -0.5474008896337871
0.0011937473415704497, 0.00015059071770793893, 0.005382175492151874, 0.8461252731212958, -0.36486044083093055, 0.3885214034027876, 0.053501015096231785, -0.6671304862337071, -0.7430171974599581, 0.5302920549745068, 0.6494719186032885, -0.5449555609191249
0.001205582950163031, 0.00014548704629453052, 0.00538761013334106, 0.8579495532623017, -0.3361820888651806, 0.38846385569736175, 0.06934785953685518, -0.6734500596229724, -0.7359727519218843, 0.5090318638697124, 0.6583666306246533, -0.5544726695205706
0.0012175852591672109, 0.00014078401766436468, 0.005393044559194312, 0.8593042520643769, -0.33152884812225386, 0.38946736095186896, 0.07259511474112203, -0.6747075017941458, -0.7345064576560415, 0.5062866299832588, 0.6594379499888025, -0.5557116504220156
0.0012296016400288898, 0.00013614796833015023, 0.005398490811940237, 0.829135995677833, -0.39549705541483343, 0.39511464137579705, 0.04209338284727015, -0.6605925717508924, -0.7495636072195709, 0.5574599965843303, 0.6381218796638604, -0.531073270747512
0.0012411928188883143, 0.00013061898740110333, 0.0054040144467866775, 0.8076097375428348, -0.4278582183139935, 0.4058372294986852, 0.032053904910785344, -0.6553231716138166, -0.7546681972403361, 0.5888455306835264, 0.6224860526687995, -0.5155308479876376
0.0012525040827425313, 0.0001246264677786067, 0.005409698543660857, 0.8145797743223748, -0.3953977217783276, 0.4244059764864501, 0.0606519456608972, -0.669598291854195, -0.7402428446351184, 0.5768718512394729, 0.6287278975506437, -0.5214595843294961
0.0012638912302411582, 0.00011909913660683005, 0.005415631386098014, 0.8346857433638752, -0.32551029421808536, 0.4442327747737107, 0.11114677761123687, -0.6904659956396406, -0.7147748615417292, 0.53939420061003, 0.6459874280691656, -0.5401427025563259
0.0012755619929948258, 0.00011454777886782565, 0.0054218427481142065, 0.8180257359240957, -0.35933762810607733, 0.44912177011690274, 0.09642945868270424, -0.684105147985598, -0.7229809859171704, 0.5670407876546468, 0.6347256222390125, -0.5249648841677853
0.0012870043603443629, 0.00010952144172128558, 0.005428124966451196, 0.7913554601467965, -0.37891927666960523, 0.4797673576474697, 0.10540392273242044, -0.6884432929659163, -0.7175903047302572, 0.6022014187698912, 0.6184383672917041, -0.5048637807301108
0.001298070671199811, 0.00010422263642338629, 0.005434834030816581, 0.7804322094202443, -0.3399595487368898, 0.5247409567796727, 0.15269884317130383, -0.7102143799425551, -0.6872252889824104, 0.6063073723727773, 0.6164600877148676, -0.5023627478834355
0.0013089877224627508, 9.946712303466598e-05, 0.005442174353083884, 0.7832026767075405, -0.3489184476104396, 0.5146352923335755, 0.1419583405006154, -0.7054900078743892, -0.6943570251331124, 0.6053440317377013, 0.616879052737662, -0.5030097787648166
0.00131995051945912, 9.458317380517437e-05, 0.005449377906397488, 0.7780846324590575, -0.33623652595159786, 0.5305933502665235, 0.15814085468159914, -0.7126217883367535, -0.6834922507741407, 0.6079274420616549, 0.6157233026317324, -0.5013073306711618
0.0013308273735392743, 8.988291951839413e-05, 0.005456795076980218, 0.7610560631595886, -0.2959569091578745, 0.57723753918967, 0.2067132158188993, -0.7328179568101757, -0.6482649833072651, 0.614868534838007, 0.6126886240973282, -0.4965373447867597
0.001341464148567317, 8.574652640217891e-05, 0.005464862742608701, 0.7444348315664626, -0.2912994180929645, 0.6008006579301596, 0.22323778250294257, -0.739443675878377, -0.6351282883533396, 0.629270747781733, 0.6069330269660518, -0.48543859216593455
0.0013518777831603235, 8.167164225040916e-05, 0.005473267129735184, 0.7637042811975469, -0.32383916633543003, 0.5584657243087636, 0.1813192520022522, -0.7226550692468536, -0.6670029833105463, 0.6195797767308759, 0.6106536213263611, -0.49317649480395864
0.0013625672312123716, 7.713891665100177e-05, 0.005481083886162799, 0.8246217499774144, -0.3242229728227091, 0.46354981755814695, 0.1201110029057417, -0.7004109891302213, -0.7035607957288424, 0.5527859589797515, 0.635848968073103, -0.5386313891291583
0.0013741346368282518, 7.25908694563583e-05, 0.005487586344730026, 0.8903399442393315, -0.2692255709713533, 0.3671680482109696, 0.08706558746610704, -0.6908781043307488, -0.7177095710909341, 0.4468941341873775, 0.6709732013214088, -0.591676090388495
0.0013865662100819476, 6.883174640571509e-05, 0.005492713011816327, 0.9369425002177759, -0.2040132195060741, 0.2837558062003834, 0.06939834665624854, -0.6871508286637903, -0.723192649401282, 0.34252389809623834, 0.697282112873572, -0.6296626353052283
0.0013996586574639186, 6.598094996837881e-05, 0.005496678098212924, 0.9528140354455158, -0.19159266029666305, 0.2354520468768088, 0.04321269903897624, -0.6821400853308881, -0.7299435366016578, 0.30046310339174487, 0.7056749651965956, -0.6416734114757955
0.0014130270481938299, 6.329282253894675e-05, 0.005499981591700334, 0.94582956579766, -0.23478760101360624, 0.2242347316391591, 0.00789034555203316, -0.6738406946069576, -0.738834528658943, 0.32456767385258745, 0.7005808309552072, -0.635485896293562
0.0014262885850644118, 6.000085055986028e-05, 0.005503125601222588, 0.9335957348411371, -0.279993914733099, 0.22361219018396866, -0.020897935146857224, -0.665526069716539, -0.7460819839898658, 0.3577181574830037, 0.6918659250462409, -0.627183594784553
0.0014393659042679422, 5.6078842712819436e-05, 0.0055062578434551795, 0.9387158653898965, -0.2745293491998662, 0.2084374258457337, -0.028012147374338964, -0.6634647886055111, -0.7476829501066097, 0.34355180637682015, 0.6960230676554783, -0.630495079779915
0.0014524872962186424, 5.224146515733738e-05, 0.005509171386586339, 0.9598786836566744, -0.21710501676437718, 0.17747767284159846, -0.013093606205416001, -0.6669199883046091, -0.7450142862229675, 0.280109746595986, 0.7127995096066774, -0.6430049680728858
0.0014658871127239065, 4.921069946105958e-05, 0.005511648958273626, 0.9710681773789457, -0.18823050216195927, 0.14695534334548405, -0.016333248274516578, -0.6662957459522126, -0.7455086880290447, 0.2382431948298534, 0.7215395047964049, -0.6500930111418084
0.001479471082531532, 4.6577601685016993e-05, 0.005513704670728814, 0.9600615220337467, -0.2462639012097015, 0.13280047014684887, -0.0638379999278812, -0.6549299806739132, -0.7529883333622611, 0.272408853885944, 0.7144374089977695, -0.6444940689789941
0.0014928960388418098, 4.3133986834652625e-05, 0.005515561677252655, 0.9573444066811422, -0.2643767551077741, 0.11660453831226261, -0.08706141025195062, -0.648714226076114, -0.7560358217250093, 0.2755213201210996, 0.7136349096317757, -0.6440599490059711
0.001506290665313132, 3.9434975425952435e-05, 0.005517193142611051, 0.9673507625963491, -0.2341040903175379, 0.09709674042345622, -0.08148996913294967, -0.6500736593936137, -0.7554889954812757, 0.2399830973943225, 0.7229104455319443, -0.6479263852520849
0.0015198195248757893, 3.6160918606635934e-05, 0.005518551086612309, 0.9724011605233631, -0.21838365836429102, 0.08212527486861301, -0.08215100889512457, -0.6499253562855221, -0.7555449973328198, 0.21837397910540937, 0.7279461580478092, -0.6499286085664365
0.0015334214457145634, 3.3106173966106865e-05, 0.005519699852711091, 0.9679799066138658, -0.23970505412795848, 0.07454117933950419, -0.10148303739087035, -0.6452715152614198, -0.7571828476095814, 0.22959985521279158, 0.7253731168286732, -0.6489358580541851
0.001546956272410977, 2.9754486246445818e-05, 0.005520742128420755, 0.9633453527635968, -0.2607904034618266, 0.06288160916356288, -0.12358043085244447, -0.6394659930562732, -0.7588221931617963, 0.23810419655920714, 0.7232368970031687, -0.6482551830831146
0.001560429627875638, 2.6107069670932586e-05, 0.0055216215910869944, 0.9705685398262949, -0.23865926869690063, 0.03222519145815009, -0.13156102269198447, -0.637526215303296, -0.759112654425741, 0.20171367531154893, 0.7325312814249751, -0.6501611453525895
0.0015740091965060637, 2.2767903207596795e-05, 0.005522072465168605, 0.9751817031261547, -0.2213001143493496, -0.006848742726747837, -0.14912641571712898, -0.6336480564888275, -0.7591122793390276, 0.16365194170352643, 0.7412937338848188, -0.6509236837600619
0.0015876554961221099, 1.967111862294404e-05, 0.005521976626623909, 0.9749853022770624, -0.2164294925351991, -0.050615561882307106, -0.17862005140508502, -0.6274045853016172, -0.7579303157801187, 0.13228203800875707, 0.7480118723011433, -0.650368896332526
0.0016012973250644326, 1.6642873880850588e-05, 0.005521268422269027, 0.9752546610671978, -0.21724171937150893, -0.04104121624922432, -0.1719969672129664, -0.6288953070143438, -0.7582267049404657, 0.13890784476136256, 0.7465230928644102, -0.650697996373055
0.0016149324853050866, 1.360558959723145e-05, 0.005520694619771721, 0.9752401298776406, -0.2211213755788495, 0.0034679011462072635, -0.14153585785868159, -0.6361294381857878, -0.7584899068633947, 0.16992436557612797, 0.7392189629166391, -0.6516755594987426
0.0016285726771008507, 1.0512876448299499e-05, 0.005520743123555881, 0.9694855537746162, -0.23281262117818344, -0.07678570467521531, -0.20904979617296304, -0.6215232919109783, -0.7549880663508421, 0.1280466467439438, 0.748002059510724, -0.6512272838459298
0.001642129568852711, 7.257319424792519e-06, 0.005519669383485882, 0.9754537169737226, -0.21765471190345148, -0.0334136563155549, -0.16685875291288885, -0.631568020112916, -0.7571525556629964, 0.14369482460584307, 0.7441426357606967, -0.6523829665347028
0.001655768411093818, 4.214060449989989e-06, 0.005519202192086376, 0.9747741827568426, -0.22143599615631823, -0.027953394015552573, -0.16526743295962318, -0.6319304069677663, -0.7571992051980045, 0.1500065606354141, 0.7427180221024748, -0.652585604660815
0.0016694070198405516, 1.115826040992929e-06, 0.005518811080574741, 0.9690046527779383, -0.22920106282657918, -0.09217839060145001, -0.21839454443694797, -0.6203625884308424, -0.7532954810932847, 0.11547209989813537, 0.7500780837183232, -0.6511904962993266
0.0016829538704897103, -2.0884439878855037e-06, 0.005517522410920805, 0.9644279723414947, -0.22458952499140958, -0.13942105805582636, -0.25106404236808516, -0.6131368070545197, -0.7490194272946366, 0.08273773501292787, 0.7573789019368852, -0.6477126416134
0.001696450466299256, -5.231440799257148e-06, 0.005515571296144084, 0.970664052666619, -0.2162408579230976, -0.10512463186854804, -0.21975570630858643, -0.6204624353644896, -0.7528172393392575, 0.09756396058806419, 0.7538343701810426, -0.6497807445039607
0.001710018065725765, -8.253979165528439e-06, 0.005514101901155021, 0.9776257401684504, -0.2006277047676538, -0.06321737292669534, -0.17810975365581747, -0.6296184512509905, -0.7562126165946773, 0.11191437714946964, 0.7505525497418335, -0.6512649555006618
0.0017236894863777658, -1.1059619027109198e-05, 0.005513217849863934, 0.9707834661059191, -0.19792194221784778, -0.13567006568912962, -0.23116898673274303, -0.6197849043106285, -0.749951713086664, 0.06434564094276078, 0.7594034350576643, -0.6474303524814737
0.0017372660913478144, -1.3827597797055952e-05, 0.005511320476296675, 0.9610739971479461, -0.2302442647473868, -0.1527231172973007, -0.2650333730410314, -0.6120875140058397, -0.7450544855060229, 0.07806460901434976, 0.7565292153969246, -0.649283807799294
0.001750705808863015, -1.7047347667391456e-05, 0.005509184786890232, 0.9643648903300457, -0.22996883701687437, -0.13082313365695428, -0.24833185643507388, -0.6161720173050285, -0.7474378463589877, 0.09127785809400275, 0.753290368378196, -0.6513232481114221
0.0017641969451486564, -2.026453335380036e-05, 0.005507354615817873, 0.9612964196812869, -0.2508918664173157, -0.11385282110503449, -0.24926436428688023, -0.6159289593838044, -0.7473277685788489, 0.11737320905810084, 0.746782959338267, -0.6546287050209331
0.001777634033316295, -2.3771522520274732e-05, 0.005505763170802578, 0.9332070028348081, -0.33910518978547843, -0.1188796034676656, -0.3106670254247404, -0.5951181656983373, -0.7411614993843044, 0.1805842993557814, 0.7285890742499513, -0.6607172403606406
0.0017906866727312573, -2.8514540685126335e-05, 0.005504100417958736, 0.9418931167654404, -0.3329692006518801, -0.04437192814305524, -0.2531527808095294, -0.6167901447024516, -0.7453077129389788, 0.22079634543689083, 0.7132330816887119, -0.6652424708529487
0.0018038660375553264, -3.3173585849018964e-05, 0.005503479547269126, 0.9485655654690974, -0.3157208602022783, -0.02331751357724727, -0.22666318404547298, -0.6258823122552193, -0.7462540667925557, 0.22101395658342413, 0.7131561327221366, -0.6652527048845024
0.0018171465338181149, -3.759387038878843e-05, 0.005503153087862214, 0.9494802820942989, -0.3042656856972051, -0.07687383443890355, -0.2577433697143808, -0.6162937514616428, -0.7441440500854729, 0.1790406358411587, 0.7263638237250976, -0.6635812281108088
0.0018304058285064995, -4.1842877415373515e-05, 0.005502079560750726, 0.9431927304539358, -0.2922450061424133, -0.1580516675130953, -0.3097232015468661, -0.6012287558388982, -0.7366108345496759, 0.1202456304503767, 0.7437182527928379, -0.6575896507856249
0.0018436019667042796, -4.593165520611235e-05, 0.005499868271817351, 0.9443076153292324, -0.2737490344628, -0.18260502118480543, -0.3159820576118116, -0.5994294966784579, -0.735417988479488, 0.09186112833306738, 0.7521607172955095, -0.6525456217452389
0.001856838745696224, -4.9768916930597e-05, 0.00549730861618289, 0.9579244734712827, -0.24909891739962844, -0.1425848255428985, -0.2698305663139875, -0.6122341433240708, -0.7432098083522002, 0.09783746014404984, 0.7504126085684957, -0.6536885713349952
0.0018702353488431699, -5.3252572931830516e-05, 0.0054953145630237165, 0.9706453504547466, -0.23171115004690304, -0.06447903988524982, -0.20034277190778874, -0.6305891295426407, -0.7498133924163788, 0.13308034184238404, 0.7407207926382223, -0.6585000607202082
0.001883808022749269, -5.6492623356550975e-05, 0.005494412943310882, 0.9416814921405862, -0.31063282297831013, -0.12939558202815526, -0.30014378572280836, -0.6014842741250028, -0.7403582753453218, 0.15215017335468312, 0.7360189652915503, -0.659641120215603
0.0018969518772291706, -6.08283915074433e-05, 0.005492606858435354, 0.9233344459022798, -0.34530751220201283, -0.16797685265293757, -0.3513902405309397, -0.5833982838034468, -0.732237216559498, 0.15484960403545853, 0.7351252712783377, -0.6600094208858023
0.0019098962534059047, -6.566931383459332e-05, 0.005490251963543938, 0.9465186507492351, -0.3003719178689019, -0.11780982446131184, -0.2848170855391027, -0.6062878251512008, -0.7424919533964246, 0.1515970697898179, 0.736336732771892, -0.6594137884530142
0.0019231293769457823, -6.986876483740534e-05, 0.005488604883520661, 0.957694139857845, -0.27813122986192185, -0.07392532351932704, -0.23793833445580448, -0.6207394113939668, -0.7470394448345211, 0.16188663773869705, 0.7330249669129739, -0.6606565782643002
0.00193653183768347, -7.376107526618429e-05, 0.005487570334801239, 0.9455227958197759, -0.31819822500632317, -0.06882246862747245, -0.2606632843198273, -0.6132929167075933, -0.7456047548962478, 0.19504177704470135, 0.7229257831334545, -0.6628250276567164
0.0019497564059379549, -7.821155934087409e-05, 0.005486607748348717, 0.9209162662910557, -0.384266967196538, -0.06520834610781198, -0.3016988858002968, -0.5968777582054318, -0.7434478623726869, 0.24676104390158687, 0.7043265149639284, -0.6656073523717765
0.0019626291665685975, -8.358292356588242e-05, 0.005485696252416577, 0.9028537141734868, -0.4271714022918334, -0.048782823484998204, -0.3187712585046467, -0.5889316168833851, -0.7426603768792875, 0.28851352750695, 0.6860642416706692, -0.6678890632031237
0.0019752671839955668, -8.956240788512148e-05, 0.0054850133974161915, 0.9004357302832499, -0.4346207815547071, -0.017896141205473698, -0.3028090593145081, -0.5967536658895204, -0.7430960475231191, 0.31228539707506886, 0.6745293459058653, -0.6689454329655538
0.001987872954081545, -9.564693947644712e-05, 0.0054847628580008, 0.9115241932588591, -0.41040911138382985, 0.02622987603709172, -0.2570188072189312, -0.6183106380926937, -0.7427201946609262, 0.3210373464872022, 0.6702658548028098, -0.6690879658504664
0.0020006243928789684, -0.00010138820965272827, 0.005485129791387127, 0.9114670081070083, -0.40604175405867166, 0.06601505202161138, -0.22775608380849194, -0.6317276661370369, -0.7409772750397084, 0.3425712472182656, 0.6603410102348708, -0.6682774055594819
0.0020133721361069636, -0.00010706709432386389, 0.005486053075417014, 0.8904950647900767, -0.4462956954558628, 0.08853638688180669, -0.23981590418030985, -0.6257517215257632, -0.7422419518659157, 0.3866611846134773, 0.6397303613438333, -0.6642576255401144
0.0020258226516104523, -0.00011330700703660123, 0.005487290952751859, 0.8816889757697252, -0.4629386951484979, 0.09117189556184006, -0.24914931121683495, -0.6208931264766719, -0.7432471636099262, 0.4006858753765969, 0.6325974154454235, -0.662775481777548
0.002038159316672373, -0.00011978448354271703, 0.005488566637454194, 0.8823959324421937, -0.4645517872105242, 0.07462610407209633, -0.2607514752965033, -0.6148497433703639, -0.7442905757888478, 0.39164535812411794, 0.6373001098987082, -0.6636734764799073
0.0020505021411848555, -0.0001262825656118739, 0.005489610496421294, 0.874768138031178, -0.48281045347654256, 0.04092396240885273, -0.29447069273941734, -0.5967962193956601, -0.7464055758316753, 0.3847956805930045, 0.6408809082261872, -0.6642318463218577
0.0020627343383842274, -0.0001330338776682725, 0.005490182750892623, 0.8687378566388397, -0.4923549127909344, 0.05367658980585559, -0.29269317856176685, -0.5978052206026282, -0.7462972741767537, 0.39953127495349394, 0.6326259226990896, -0.6634449504391161
0.0020748782252315422, -0.0001399163938426981, 0.005490933083605732, 0.8638040199493259, -0.4875422981511835, 0.12706345907792344, -0.24453274162697397, -0.626195473638944, -0.7403262571775326, 0.44050692774550126, 0.6084256210150598, -0.6601302222294164
0.0020869670723597114, -0.0001467394974341953, 0.005492711323457474, 0.8433474249461521, -0.5119836344236129, 0.1632111482683783, -0.2390949910313783, -0.6295127836110294, -0.7392883338278771, 0.481247032302953, 0.5844539445950225, -0.653310707509772
0.002098777167645685, -0.00015390923001242432, 0.005494996904886629, 0.8144052174719814, -0.5575024230915846, 0.1610440622979521, -0.269558231050571, -0.6092078253487421, -0.7457909798373427, 0.5138895813570283, 0.5639653125688392, -0.6464213984637497
0.0021101703129425948, -0.00016170842625207776, 0.005497249835444541, 0.8274051350556777, -0.5412907189450248, 0.1496833326308379, -0.2655006878995957, -0.6118717420543872, -0.7450653367324043, 0.4948839532742372, 0.5767298577837874, -0.6499788796048339
0.002121737944486892, -0.00016927600267844663, 0.005499342500291345, 0.8563364942653677, -0.49449807405669144, 0.148860549990663, -0.23507986379996224, -0.6299265410874434, -0.7402229464623484, 0.45981003275819354, 0.5988858051313559, -0.6556756257381211
0.002133729686338432, -0.0001762007259500602, 0.005501427074870754, 0.8398087027768413, -0.5159994111304597, 0.16871855396872598, -0.23737364770610758, -0.6285200692581406, -0.7406863532659684, 0.4882367193431643, 0.5819855069095459, -0.6503212864671303
0.0021454647043849125, -0.0001834110136996007, 0.005503784653768249, 0.7871831073704577, -0.5841285649232011, 0.19782966185926748, -0.2640917436142964, -0.6091526085190643, -0.7477891751618102, 0.5573134723163897, 0.5364018262228247, -0.6337781744423419
0.0021564691108674726, -0.00019157682430491428, 0.0055065502085585175, 0.7924360123350955, -0.5812802376962412, 0.18482005199180554, -0.2693325564661524, -0.6053258039743739, -0.7490264648663524, 0.5472706281008137, 0.5437774878629856, -0.6362396587069699
0.0021675510581931944, -0.00019970583014937456, 0.005509134853941903, 0.8315073333977908, -0.5334719441647959, 0.15492978827432685, -0.25517245321859144, -0.6145239785634806, -0.7464899857927878, 0.4934395339087665, 0.5811780833441189, -0.6471085394401435
0.0021791847020147014, -0.00020716965197980822, 0.0055113024812155674, 0.8208903082052945, -0.5433813262867314, 0.17571521316462446, -0.24966384884676207, -0.6181880283002582, -0.7453264548137684, 0.5136215187018918, 0.5679615267860245, -0.6431272343924259
0.002190657624548578, -0.00021476405503284535, 0.005513758311194933, 0.7817515227919486, -0.5851855002070652, 0.21545878250810876, -0.2543530195190339, -0.6146923725002253, -0.7466309855956917, 0.5693584969718284, 0.5288773180402533, -0.6293803972070702
0.0022015907006556258, -0.00022294808464324531, 0.005516771579731565, 0.765768417152694, -0.6060781346185004, 0.21510003725898535, -0.26754512885550175, -0.6043716825769595, -0.750436188709465, 0.5848233368438291, 0.517111365216869, -0.6249619993618775
0.002212310847858235, -0.0002314326952302833, 0.005519782808728547, 0.7727801213355129, -0.6046908540814384, 0.19276891621558342, -0.27842527945521495, -0.5959383550575781, -0.7532176582712022, 0.5703422199249811, 0.5283998939832678, -0.6288905343615182
0.002223120281624111, -0.00023989094299774438, 0.005522479206804045, 0.7905831637672623, -0.5832736458447341, 0.18646746426853605, -0.26819099286056564, -0.6035564209004112, -0.7508616637825837, 0.5505014555078034, 0.5436096953264147, -0.6335902829359936
0.002234173152748247, -0.00024804549109981437, 0.005525086144247012, 0.8028841108761747, -0.5659354806793201, 0.18733429000276827, -0.25664453941804716, -0.6117776180599428, -0.7482390837344713, 0.5380619712351662, 0.5526709488919873, -0.6364307797092764
0.0022454021183094296, -0.00025596054376596363, 0.005527706161584974, 0.7875795786658226, -0.5871941109857155, 0.18687290679031185, -0.27029316595082475, -0.6017215524063051, -0.751580187212267, 0.5537689154411299, 0.5414187375714307, -0.6326181620043114
0.0022564159835983494, -0.00026417212899751494, 0.005530319475943663, 0.7840076545616057, -0.5655534630575227, 0.2558930987980198, -0.22062256787042261, -0.639185146208657, -0.7367279222429938, 0.5802220955246971, 0.5211445378106357, -0.625899904597427
0.0022673914610427327, -0.0002720894232245103, 0.005533901773792019, 0.7500316072020926, -0.6206829594220971, 0.22848468675356134, -0.26835116814032767, -0.6013195263308804, -0.7525971550643327, 0.604516533070492, 0.503157521196129, -0.6175696479816667
0.002277864254461125, -0.0002807561038682668, 0.005537092136572279, 0.7190930651856847, -0.6699761514431357, 0.18449151768929922, -0.32025393535016494, -0.5551190748606543, -0.7676459011931112, 0.61671920717178, 0.4929247094874589, -0.6137447761750118
0.0022879282172186943, -0.0002901326579793014, 0.005539674160865106, 0.7589946810872558, -0.5945249035305711, 0.2654566125814536, -0.23318800992101898, -0.6288743700369607, -0.7417144859982787, 0.607906593244661, 0.5010560505498174, -0.6159483810329316
0.002298530258479658, -0.0002984372979391918, 0.0055433821999722474, 0.7810121289898622, -0.5694270013068866, 0.25646236478939755, -0.22208388370331825, -0.6370513456799958, -0.7381357135151758, 0.5836941005098254, 0.5195367870997718, -0.624005387701158
0.002309456449914793, -0.00030640345901873986, 0.005546970053207281, 0.7697251622061835, -0.6157026897019263, 0.16862198124941458, -0.2980125720663892, -0.5801619997427537, -0.7580241163346085, 0.5645455531283899, 0.533218765562787, -0.6300524315441199
0.0023202309974611696, -0.00031502201305640603, 0.005549330409401339, 0.7580950586635962, -0.6191820947609677, 0.20470812284142173, -0.2815006398999188, -0.5938453123756657, -0.7537274936642449, 0.5882595275605614, 0.5137716209531896, -0.6244913528123165
0.0023308234429142574, -0.00032367350403940507, 0.005552190683453018, 0.753869087393701, -0.590020439125408, 0.2890627621926579, -0.22211773650982425, -0.6429204688290643, -0.7330190869877596, 0.6183406101817516, 0.4883944637021154, -0.6157318715359652
0.0023413718172190933, -0.0003319292563224909, 0.005556235340893131, 0.7729941798337192, -0.5969584180455739, 0.21475717698768917, -0.2647811569221559, -0.611193193828106, -0.7458778846146089, 0.5765162069553297, 0.5196956098936425, -0.6305121221476352
0.002352174765209301, -0.00034027202384999075, 0.005559236670882473, 0.7522651660244208, -0.624307871126813, 0.21056305952221815, -0.28392922345226196, -0.5955688911226197, -0.7514531868298708, 0.5945429471922496, 0.5055070503722772, -0.6252849798035086
0.0023626987080881704, -0.00034900588615188256, 0.005562182379006276, 0.7565466203096373, -0.6145096829561466, 0.22364047230141854, -0.27119871756762554, -0.6060270286427228, -0.7477850601236613, 0.595053331129018, 0.5050832506702321, -0.6251419382865389
0.002373271141487927, -0.00035759341073020973, 0.005565307664263553, 0.800263445935655, -0.5716293141359089, 0.18115834046408508, -0.2663419472493897, -0.6095109850294308, -0.7466982832870692, 0.5372526260844095, 0.5493052760978756, -0.6400182258470788
0.0023844654473137027, -0.00036558951925411484, 0.005567841757100536, 0.7821301590472931, -0.5812687428470251, 0.22449735610401966, -0.24946250347473192, -0.6222449736317819, -0.7420105471959967, 0.5709998893772007, 0.5243451548160067, -0.6316813159752334
0.0023954005482496555, -0.0003737163409863047, 0.005570980494586177, 0.7570709706710975, -0.6074049221758081, 0.24063001866708722, -0.2574592413745992, -0.6158748354858785, -0.7445890987961469, 0.6004650567667849, 0.5017543697187328, -0.6226429699837775
0.002406001165371218, -0.000382221312471383, 0.005574349830876516, 0.746065149555359, -0.6276522332522118, 0.22234987455011318, -0.27914809924606143, -0.5979765718692305, -0.7513323886156075, 0.6045354673683347, 0.49847436603002393, -0.6213374084221188
0.0024164588184454206, -0.00039101916251237735, 0.005577466526315947, 0.7796566908581681, -0.5962832694198271, 0.191263449226695, -0.2754255125186932, -0.6008328803865168, -0.7504269697314037, 0.5623844160837904, 0.5323965744221533, -0.6326750003672111
0.0024273506562527128, -0.00039934926566402736, 0.005580138485002209, 0.8369129048645051, -0.5233970720773584, 0.16010088885482288, -0.2453090774018518, -0.6201737942588338, -0.7451227559663267, 0.4892854445162948, 0.5843286488402313, -0.6474255045401298
0.0024390528438785384, -0.00040666769832847365, 0.005582377105806776, 0.8158261303011276, -0.5456090606510319, 0.19167284119923256, -0.24157764518503627, -0.6226775196495655, -0.7442532820686234, 0.5254217034580323, 0.5608774014511225, -0.6398035433449054
0.002450447586388465, -0.0004142882862531416, 0.005585054223626973, 0.7664089215368429, -0.6021213302578897, 0.22375716443770666, -0.25946536163191397, -0.6088438678247516, -0.7496578357660356, 0.5876181507594482, 0.5164872198425299, -0.6228530008255405
0.002461176259110347, -0.00042271715824258486, 0.005588186516739656, 0.769247724678683, -0.6099825478377068, 0.19020838417401262, -0.28204749930434053, -0.5912846326870423, -0.7555340437626339, 0.5733298755627838, 0.527545044978691, -0.6268884105688936
0.002471939440936237, -0.00043125192911335885, 0.005590847879728449, 0.797672388350828, -0.5863035058040446, 0.14130449371684026, -0.2939898326979434, -0.5825958284653873, -0.7577282355336671, 0.5265821295229465, 0.5628768068917175, -0.6370878755167635
0.0024830962314899233, -0.0004394523701850019, 0.005592824260838936, 0.8080350527816965, -0.567873364157773, 0.15684130755707945, -0.2734285729461639, -0.5973037899595188, -0.753966178284291, 0.5218392175495297, 0.5663462057612184, -0.6379152030224443
0.0024943961255834606, -0.00044739374457393845, 0.005595017594109301, 0.8155549881841652, -0.5547859666585495, 0.1645678961604149, -0.26065737584410137, -0.6060880129759725, -0.7514752510528236, 0.516650552758819, 0.5699735535317199, -0.638907156485534
0.002505804568320357, -0.0004551544032953691, 0.005597319662574185, 0.8123830948606886, -0.5639084543931095, 0.1484619892381336, -0.2757001283038495, -0.59578033791436, -0.754344237207319, 0.5138318269996618, 0.5718855165316091, -0.6394715079998204
0.002517166500139278, -0.00046304118657712417, 0.005599396041329597, 0.7868545017797687, -0.6038427256165778, 0.12741254156814524, -0.31279457366380187, -0.5681957156745222, -0.7611262598121273, 0.5319958155055287, 0.5590416723367407, -0.6359660846897008
0.0025281734349653705, -0.0004714880563745749, 0.005601178355007533, 0.8136118685121183, -0.5672985653508867, 0.12731089963960346, -0.2892760559080414, -0.5849263597589416, -0.7577470007446028, 0.5043362875051797, 0.5796839582134208, -0.6400089200124588
0.0025395419315825127, -0.0004794148480927136, 0.005602957254244248, 0.8326163123198276, -0.5390070261877684, 0.12736366114064734, -0.27095300302110836, -0.5969764742318877, -0.7551182419777102, 0.4830471474015498, 0.594214199539091, -0.6430979229117
0.0025511866677740847, -0.0004869532478724063, 0.005604738526376958, 0.7941189572084294, -0.596041545523419, 0.11878365970221105, -0.3118249669626318, -0.5673403910295832, -0.7621614466011472, 0.5216706545138899, 0.5682071424370285, -0.6363963949478314
0.0025622940410166763, -0.0004952901045286089, 0.005606399958120222, 0.7785682120349434, -0.6123530259092538, 0.1373146418576409, -0.31180914036548235, -0.5673528390016678, -0.7621586554394607, 0.544616010775712, 0.5505765412152324, -0.6326601560634441
0.002573194707597824, -0.0005038636065830366, 0.005608322488612043, 0.8207701958154654, -0.5564010796879777, 0.12943772318414468, -0.28009318143898715, -0.5894429842370464, -0.7576970225922177, 0.4978795992731869, 0.5856405099169436, -0.639641382160186
0.0025846619819856584, -0.0005116372853581658, 0.005610130909404436, 0.8288504210391685, -0.5506369688738141, 0.09902478504218605, -0.2945455612097922, -0.5799589116755085, -0.7595331284017627, 0.4756573261443595, 0.6003720423850681, -0.6428868631474597
0.0025962477403929187, -0.0005193341468539708, 0.005611515088270378, 0.8018264817154247, -0.5908578531392871, 0.0892260645971586, -0.3258437141217021, -0.5574940112374226, -0.763561589789444, 0.5008993583418112, 0.5831701508291052, -0.6395407789928025
0.002607465597519553, -0.0005276004727110144, 0.005612763394814808, 0.8283491710551812, -0.5524744377254768, 0.09278818067034514, -0.298866863802278, -0.5759025744511859, -0.7609302349502792, 0.47383145582916386, 0.6025846167970228, -0.6421647226891247
0.0026190501796079712, -0.0005353269070447756, 0.005614061050843656, 0.8291963836942766, -0.5523854227312276, 0.08546169915451632, -0.30324133314397417, -0.5729992000999983, -0.7613912335703817, 0.4695509036743507, 0.60542733786872, -0.6426349565809469
0.002630647818111045, -0.000543052901240098, 0.005615256369482452, 0.8357756847296202, -0.5348292143005131, 0.12424458276090114, -0.2687190763958408, -0.595754723218282, -0.7568793614203484, 0.4788204912028106, 0.5991944770221134, -0.6416361242250121
0.002642336915119022, -0.0005505329831363324, 0.005616994045041987, 0.8600999508261735, -0.5029368020032864, 0.08533843084754363, -0.2720848478871581, -0.5937923719004528, -0.7572188947874032, 0.43150655862806525, 0.6280646401952122, -0.6475622731424543
0.002654362459819268, -0.0005575648275028851, 0.005618187209991968, 0.8340097363185498, -0.5504393745822657, 0.03800335031740113, -0.3322653823499169, -0.5560386190794527, -0.7618535093993325, 0.4404854996679533, 0.6227660467637101, -0.6466335713374106
0.0026660159181759913, -0.0005652560114906283, 0.005618718223529405, 0.7880627045242431, -0.6126502896711, 0.06013980631705429, -0.3584615219014099, -0.5361169965069529, -0.7642538213005473, 0.5004622973352344, 0.5807221268578296, -0.6421053654375256
0.0026770488166277763, -0.0005738331315517515, 0.00561956018238902, 0.7934653444861437, -0.6021609543286638, 0.08840210507379405, -0.335466947458281, -0.5539113834467452, -0.7620000698498235, 0.507813621580308, 0.5749646635838639, -0.6415145839085702
0.0026881455566967697, -0.0005822544490501352, 0.005620796500003107, 0.8221641995696766, -0.5628644174726224, 0.08502750430983183, -0.31189939865387745, -0.5703717212179309, -0.759865030616783, 0.4761982717999958, 0.5982137972147586, -0.6444962829656948
0.0026996407089516197, -0.000590124181374982, 0.005621985318621581, 0.8253800566238929, -0.5599997391898451, 0.0717499424030749, -0.31805912747249704, -0.5662142140245561, -0.7604208408953479, 0.46646130981998185, 0.6048154726392667, -0.6454549484643892
0.002711184965120045, -0.0005979566706525908, 0.00562298885597207, 0.8198052860104257, -0.5688870961744446, 0.06547339028622465, -0.3275728516295822, -0.559665109561111, -0.7612299205990352, 0.46969705119856553, 0.6026130076144706, -0.6451683835629382
0.002722649990084021, -0.0006059125900283546, 0.005623904505171846, 0.8148209456577429, -0.5750019290798161, 0.07375369869987479, -0.32655602590384375, -0.5603832780770549, -0.7611384523183036, 0.4789864178275933, 0.5961068387513303, -0.6443823774208802
0.0027340432007275798, -0.0006139525381094275, 0.00562493576416133, 0.7969236604522396, -0.594155172462693, 0.10905187044352319, -0.3183731942214005, -0.5665266319895883, -0.7600566323951106, 0.5133723683766647, 0.5709879213103909, -0.6406415574289362
0.0027451962251118663, -0.0006222677977200732, 0.005626461955728435, 0.7836613635216808, -0.6173912897361256, 0.06857742107503986, -0.3565192993486254, -0.537423114591492, -0.764244977147214, 0.5086932833400744, 0.5744600867429726, -0.6412696408095048
0.0027561457074151987, -0.0006308941193889355, 0.005627420133958755, 0.7821058904793853, -0.6224459102057435, 0.029520585116011556, -0.38263257874775175, -0.5170913813921106, -0.7656427449998103, 0.4918360354409726, 0.5875181632580754, -0.6425882990559071
0.0027670801196161667, -0.000639596368327151, 0.005627832853323232, 0.7978501149209529, -0.5953544901486478, 0.09480625074575036, -0.32757228173526626, -0.5601519878803108, -0.7608719673588242, 0.5060944520140226, 0.576005886717818, -0.6419389566828347
0.0027782422945259915, -0.0006479255655386437, 0.005629159222692087, 0.7780194289734107, -0.6251971506983315, 0.06175994574621656, -0.36562223800180604, -0.5305403502022853, -0.7647531077974036, 0.5108876072273025, 0.5724119666515753, -0.6413566817424117
0.0027891218041633864, -0.0006566680701252828, 0.00563002284884322, 0.7681787263152592, -0.6401685782786203, -0.009253962469994617, -0.4171113641464456, -0.4894481679868839, -0.7658058505614687, 0.4857155076138267, 0.5921356957987022, -0.6430052592509874
0.0027998632646188287, -0.000665619561793609, 0.0056298934504772895, 0.7719437890475602, -0.6345035276537094, -0.03883374751288021, -0.4313173172025725, -0.4779110436901586, -0.7652231087729636, 0.466977685154303, 0.6074588938471325, -0.6425928211970214
0.002810659566107966, -0.0006744936423648417, 0.005629350326933774, 0.7832952564879713, -0.6215855422880446, 0.008941743785236194, -0.39445769280740756, -0.5080929476307859, -0.7656661708296353, 0.48047025896354945, 0.5962155400409628, -0.6431759946275692
0.0028216260021160155, -0.000683196079940672, 0.0056294755147990256, 0.7618415752149386, -0.6476761370060484, -0.010631830836862524, -0.4227065845560934, -0.4846460469014382, -0.7657919773644349, 0.4908325148632103, 0.5879063112229119, -0.6430004755653957
0.002832268474825287, -0.0006922437295265961, 0.005629326994459349, 0.7257309760075225, -0.6805189098969039, -0.10103743729874834, -0.4980970221559721, -0.41842777624023475, -0.7594850575159495, 0.4745670732178139, 0.6015082786989566, -0.6426304409799589
0.002842418667854224, -0.0007017615791480842, 0.005627913868210593, 0.7444853593172124, -0.653967024582123, -0.13441979214954192, -0.5017524065006961, -0.41522711599830914, -0.758835268494083, 0.44043850005770546, 0.6323872017197468, -0.6372600370084311
0.0028528191415088076, -0.0007108975100633284, 0.005626036021333674, 0.6459819383377652, -0.7337177223677881, -0.21063152476495356, -0.598353949951215, -0.31535668922810445, -0.7365614089380923, 0.4740040990531228, 0.6018375714779813, -0.6427376227033261
0.002861890801634684, -0.0007212012622437378, 0.005623078078563045, 0.2297013161069744, -0.9469151877126286, -0.22491983607027916, -0.7125640649950952, -0.006207247366971189, -0.7015795916058214, 0.6629402376205489, 0.32142354823391933, -0.6761635482516991
0.002865069080144167, -0.000734303321223706, 0.005619965959340334, 0.2297013161069744, -0.9469151877126286, -0.22491983607027916, -0.7125640649950952, -0.006207247366971189, -0.7015795916058214, 0.6629402376205489, 0.32142354823391933, -0.6761635482516991
